path_delay/I2009-04-08
     1.0            IONOSPHERE MAPS     GNSS                IONEX VERSION / TYPE
ADDNEQ2 V5.1        AIUB                12-APR-09 19:50     PGM / RUN BY / DATE 
CODE'S GLOBAL IONOSPHERE MAPS FOR DAY 098, 2009             COMMENT             
Global ionosphere maps (GIM) are generated on a daily basis DESCRIPTION         
at CODE using data from about 150 GPS sites of the IGS and  DESCRIPTION         
other institutions. The vertical total electron content     DESCRIPTION         
(VTEC) is modeled in a solar-geomagnetic reference frame    DESCRIPTION         
using a spherical harmonics expansion up to degree and      DESCRIPTION         
order 15. Piece-wise linear functions are used for          DESCRIPTION         
representation in the time domain. The time spacing of      DESCRIPTION         
their vertices is 2 hours, conforming with the epochs of    DESCRIPTION         
the VTEC maps. Instrumental biases, so-called differential  DESCRIPTION         
P1-P2 code biases (DCB), for all GPS satellites and ground  DESCRIPTION         
stations are estimated as constant values for each day,     DESCRIPTION         
simultaneously with the 13 times 256, or 3328 parameters    DESCRIPTION         
used to represent the global VTEC distribution. The DCB     DESCRIPTION         
datum is defined by a zero-mean condition imposed on the    DESCRIPTION         
satellite bias estimates. P1-C1 bias corrections are taken  DESCRIPTION         
into account if needed. To convert line-of-sight TEC into   DESCRIPTION         
vertical TEC, a modified single-layer model mapping         DESCRIPTION         
function approximating the JPL extended slab model mapping  DESCRIPTION         
function is adopted. The mapping function is evaluated at   DESCRIPTION         
geodetic satellite elevation angles. For the computation of DESCRIPTION         
the ionospheric pierce points, a spherical layer with a     DESCRIPTION         
radius of 6821 km is assumed, implying geocentric, not      DESCRIPTION         
geodetic IONEX latitudes.                                   DESCRIPTION         
Note: These GIM results correspond to the results for the   DESCRIPTION         
middle day of a 3-day combination analysis solving for 37   DESCRIPTION         
times 256, or 9472 VTEC parameters and one common set of    DESCRIPTION         
satellite and 24-hour receiver DCB constants.               DESCRIPTION         
Contact address: stefan.schaer or code @aiub.unibe.ch       DESCRIPTION         
Web site:        http://www.aiub.unibe.ch/ionosphere/       DESCRIPTION         
Data archive:    ftp://ftp.unibe.ch/aiub/CODE/              DESCRIPTION         
                 http://www.aiub.unibe.ch/download/CODE/    DESCRIPTION         
  2009     4     8     0     0     0                        EPOCH OF FIRST MAP  
  2009     4     9     0     0     0                        EPOCH OF LAST MAP   
  7200                                                      INTERVAL            
    13                                                      # OF MAPS IN FILE   
  NONE                                                      MAPPING FUNCTION    
    10.0                                                    ELEVATION CUTOFF    
One-way carrier phase leveled to code                       OBSERVABLES USED    
[...]
bogo bogt bor1 braz brft brmu brst brus bue1 bue2 cagl cagz COMMENT             
cas1 ccjm cedu chat chpi chti cnmr coco conz crar cro1 ctwn COMMENT             
daej darw dav1 dgar drao dubo eil1 eil2 eprt etad etdd faa1 COMMENT             
fair flin flrs func ganp glps glsv gode godz gold gope gras COMMENT             
graz guam guat harb hers hert hnpt hob2 hofn holb holm hrao COMMENT             
hrm1 hrm2 hyde ieng iisc ilha invk irkj irkt ispa joz2 joze COMMENT             
jplv karr kerg khaj khar kir0 kiru kit3 kokb kosg kour lama COMMENT             
lhaz lpal lpgs madr mal2 mas1 mat1 mate maui maw1 mbar mccj COMMENT             
mcil mcm4 mdo1 mdvj medi mets metz mizu mkea mnls mobj mobs COMMENT             
monp morp mtka nano nico nist nisu nklg nlib not1 novm nrc1 COMMENT             
nril nrmd nssp ntus nurk nya1 ohi2 ohi3 onsa opmt osn1 osn2 COMMENT             
pado park pdel penc pert pie1 pimo pol2 pots pove pre1 pre2 COMMENT             
ptbb qaq1 qui1 qui2 quin rabt ramo rcmn recf reso reun reyk COMMENT             
rio2 rosa salu sant savo sch2 scor scub sele sfer shao sofi COMMENT             
spt0 ssia stjo str2 sunm suth suwn sydn syog thti thu2 thu3 COMMENT             
tixi tlse tn22 tow2 tro1 tskb twtf txes uclu ufpr unb3 unbj COMMENT             
unbn unbt unsa urum usud vesl vill vtsp wab1 wab2 wdc3 wdc4 COMMENT             
wes2 will wsrt wtza wtzj wtzr wtzs wtzz xmis yar2 yar3 yell COMMENT             
yssk zeck zim2 zimj zimm zwe2                               COMMENT             
                                                            END OF HEADER       
[from data line 4719]
    12                                                      START OF TEC MAP    
  2009     4     8    22     0     0                        EPOCH OF CURRENT MAP
    87.5-180.0 180.0   5.0 450.0                            LAT/LON1/LON2/DLON/H
   51   51   51   51   51   51   51   52   52   52   52   52   53   53   53   53
   53   53   53   53   53   53   53   53   53   53   53   53   53   53   53   53
   53   53   52   52   52   52   52   52   52   52   52   52   52   51   51   51
   51   51   51   51   51   51   51   51   51   51   51   51   51   51   50   50
   50   50   50   50   50   50   50   50   51
    85.0-180.0 180.0   5.0 450.0                            LAT/LON1/LON2/DLON/H
   49   50   50   50   51   51   52   52   53   54   54   54   55   55   55   56
   56   56   56   56   56   56   56   55   55   55   55   54   54   54   54   53
   53   53   53   53   52   52   52   52   52   51   51   51   51   51   51   51
   51   51   51   51   51   51   51   51   51   51   51   51   51   50   50   50
   50   49   49   49   49   49   49   49   49
    82.5-180.0 180.0   5.0 450.0                            LAT/LON1/LON2/DLON/H
   48   49   49   50   51   52   53   54   55   56   57   58   58   59   59   60
   60   60   60   59   59   59   58   57   57   56   56   55   55   54   54   53
   53   53   53   52   52   52   51   51   50   50   49   49   49   48   48   48
   48   49   49   49   50   50   51   51   51   51   51   51   51   51   51   50
   50   49   49   48   48   48   48   48   48
    80.0-180.0 180.0   5.0 450.0                            LAT/LON1/LON2/DLON/H
   48   49   50   51   52   54   55   57   59   60   61   62   63   63   64   64
   64   64   64   63   62   62   61   59   58   57   56   55   54   53   53   52
   52   52   52   51   51   50   50   49   48   46   45   44   44   43   43   43
   43   44   45   46   47   48   49   50   51   51   52   52   52   52   51   51
   50   50   49   48   48   47   47   47   48
    77.5-180.0 180.0   5.0 450.0                            LAT/LON1/LON2/DLON/H
   48   49   50   52   54   56   59   61   62   64   65   66   67   67   68   68
   68   68   67   67   66   65   63   61   59   57   55   53   52   51   50   50
   49   50   50   49   49   48   47   45   43   41   39   37   36   35   35   35
   36   37   39   41   43   44   46   48   49   51   52   52   53   53   53   52
   52   51   50   49   48   48   48   48   48
    75.0-180.0 180.0   5.0 450.0                            LAT/LON1/LON2/DLON/H
   50   51   52   55   57   60   62   65   67   68   69   70   70   70   70   70
   70   71   70   70   69   68   66   63   60   57   54   51   48   46   45   45
   45   46   46   46   46   45   43   40   37   34   31   28   26   25   25   25
   26   28   31   34   36   39   42   44   46   48   50   51   52   53   54   54
   54   53   53   52   51   50   49   49   50
    72.5-180.0 180.0   5.0 450.0                            LAT/LON1/LON2/DLON/H
   53   54   56   58   61   64   67   69   71   72   72   72   72   72   72   72
   72   73   73   73   72   71   69   65   61   57   52   48   44   41   40   39
   40   41   41   42   41   40   37   34   30   26   22   18   16   14   14   15
   17   19   23   26   30   33   36   39   42   44   47   49   51   53   54   55
   56   57   56   56   55   54   53   52   53
    70.0-180.0 180.0   5.0 450.0                            LAT/LON1/LON2/DLON/H
   57   58   60   62   65   68   71   73   74   75   75   74   73   73   72   73
   73   74   75   76   76   74   72   68   63   57   51   45   40   36   34   33
   34   35   36   37   36   35   32   28   23   18   14   10    7    6    6    7
    9   12   16   19   23   27   30   33   36   39   42   45   48   51   54   56
   58   60   61   61   60   59   58   57   57
    67.5-180.0 180.0   5.0 450.0                            LAT/LON1/LON2/DLON/H
   63   63   65   67   69   72   74   76   77   77   76   75   74   73   73   73
   74   76   77   79   79   78   75   71   65   58   51   44   37   33   29   28
   28   29   30   31   31   29   26   22   18   13    9    5    3    2    2    3
    5    8   11   15   18   22   25   28   31   34   37   41   45   49   53   57
   60   63   65   66   66   65   64   63   63
    65.0-180.0 180.0   5.0 450.0                            LAT/LON1/LON2/DLON/H
   69   69   70   72   73   75   77   78   78   78   77   76   75   75   74   75
   76   78   80   82   82   82   79   75   69   61   53   45   38   32   27   25
   24   25   26   26   26   25   22   19   15   11    8    6    4    4    4    4
    6    8   10   12   15   18   21   23   26   29   33   37   41   46   51   56
   61   65   68   70   71   72   71   70   69
    62.5-180.0 180.0   5.0 450.0                            LAT/LON1/LON2/DLON/H
   77   76   77   77   78   79   79   79   79   78   77   77   77   77   77   78
   79   80   83   84   86   85   83   79   72   65   57   49   41   34   29   26
   23   23   23   23   23   22   21   19   16   14   13   12   12   12   12   11
   11   11   12   13   15   17   19   21   23   26   30   34   39   44   50   55
   60   65   70   73   76   77   77   77   77
    60.0-180.0 180.0   5.0 450.0                            LAT/LON1/LON2/DLON/H
   84   84   84   84   84   84   83   81   80   78   78   78   79   80   80   81
   82   83   85   87   88   88   86   82   76   69   62   55   48   41   35   30
   26   24   23   23   23   22   22   21   21   22   23   24   25   25   24   22
   20   18   16   16   16   17   19   21   23   26   30   34   38   43   48   53
   59   64   69   74   78   81   83   84   84
    57.5-180.0 180.0   5.0 450.0                            LAT/LON1/LON2/DLON/H
   91   92   92   92   92   90   87   84   81   80   79   80   81   83   84   84
   85   86   87   89   90   90   88   85   80   74   68   63   57   50   44   38
   32   28   26   25   25   25   26   28   30   33   36   40   42   42   40   35
   31   26   22   20   20   20   21   23   25   28   31   35   40   44   48   52
   56   62   67   73   79   84   87   89   91
    55.0-180.0 180.0   5.0 450.0                            LAT/LON1/LON2/DLON/H
   97   99  101  102  101   98   94   90   85   83   82   83   84   86   87   87
   86   86   88   89   91   91   90   87   82   78   74   70   66   61   54   47
   40   35   31   29   29   31   33   36   40   45   51   55   58   58   54   48
   41   34   29   26   25   25   26   27   28   31   35   39   43   46   49   51
   55   59   65   71   78   84   90   94   97
    52.5-180.0 180.0   5.0 450.0                            LAT/LON1/LON2/DLON/H
  102  107  110  112  111  109  104   98   92   88   86   86   88   88   88   87
   86   86   87   89   91   92   91   88   84   81   79   77   75   71   65   57
   49   42   38   36   36   38   41   46   51   58   64   69   72   70   66   58
   49   41   36   32   31   31   31   32   33   36   39   43   47   49   51   52
   54   57   62   69   76   84   91   97  102
    50.0-180.0 180.0   5.0 450.0                            LAT/LON1/LON2/DLON/H
  106  113  118  121  122  120  115  109  102   97   93   92   91   90   89   87
   85   84   86   89   92   93   92   89   86   83   82   81   81   78   72   64
   56   49   44   42   43   46   50   55   62   68   74   79   80   78   72   64
   55   47   42   39   38   38   38   38   38   40   43   47   51   53   54   54
   55   57   61   68   75   83   91   99  106
    47.5-180.0 180.0   5.0 450.0                            LAT/LON1/LON2/DLON/H
  109  117  124  129  131  130  126  120  114  107  102   99   96   93   89   86
   83   83   86   90   94   95   94   91   87   84   83   84   83   81   76   69
   61   54   49   48   49   53   58   64   70   76   81   83   84   81   75   67
   58   52   47   46   45   45   44   43   43   44   47   51   55   57   58   58
   58   60   63   69   76   84   92  100  109
    45.0-180.0 180.0   5.0 450.0                            LAT/LON1/LON2/DLON/H
  110  119  127  133  136  137  135  131  125  119  113  108  102   97   91   87
   84   84   88   92   97   99   97   94   89   86   84   84   83   81   76   69
   62   56   53   52   54   59   64   71   76   81   83   84   83   80   74   67
   60   55   53   52   52   51   50   48   46   47   49   53   57   60   62   62
   63   65   68   73   79   85   93  101  110
    42.5-180.0 180.0   5.0 450.0                            LAT/LON1/LON2/DLON/H
  110  119  127  133  137  139  140  138  135  131  125  118  111  103   96   91
   89   89   93   97  101  103  101   97   93   89   86   84   82   78   73   66
   60   56   54   54   57   62   69   75   80   83   84   83   80   77   72   67
   62   59   57   57   57   56   53   51   49   48   51   55   59   63   66   67
   69   72   75   79   84   88   94  102  110
    40.0-180.0 180.0   5.0 450.0                            LAT/LON1/LON2/DLON/H
  110  117  123  128  132  136  139  142  142  141  137  130  121  113  105  100
   98   98  101  104  106  107  105  102   98   94   90   86   81   75   68   62
   57   54   53   54   58   63   71   77   82   84   84   81   78   74   71   67
   64   62   61   61   60   58   55   52   50   49   51   56   61   66   70   73
   76   80   84   88   91   94   97  103  110
    37.5-180.0 180.0   5.0 450.0                            LAT/LON1/LON2/DLON/H
  110  115  119  122  125  129  134  140  146  148  147  142  134  125  118  113
  111  110  111  112  112  111  109  107  105  102   97   91   83   74   65   58
   54   52   51   53   57   63   70   78   83   85   83   80   76   74   71   69
   67   65   64   62   60   57   54   51   50   50   53   57   63   69   74   78
   83   88   93   97   99  100  102  105  110
    35.0-180.0 180.0   5.0 450.0                            LAT/LON1/LON2/DLON/H
  113  115  116  116  117  120  127  137  146  154  157  154  148  140  134  129
  127  125  122  119  116  113  112  112  113  112  107   99   88   76   65   57
   53   51   50   52   55   61   68   76   82   84   83   80   77   75   74   72
   70   68   65   61   57   53   50   49   49   51   54   59   65   72   78   84
   90   96  102  107  108  108  108  110  113
    32.5-180.0 180.0   5.0 450.0                            LAT/LON1/LON2/DLON/H
  118  118  117  114  113  116  122  134  146  158  165  166  162  156  151  147
  143  139  132  124  118  114  114  117  121  123  120  110   97   82   69   60
   54   51   50   51   53   58   65   72   78   81   81   80   79   78   77   75
   73   69   64   58   52   47   45   46   48   52   56   62   69   76   83   89
   96  103  110  116  118  117  116  117  118
    30.0-180.0 180.0   5.0 450.0                            LAT/LON1/LON2/DLON/H
  127  126  124  120  117  118  124  135  149  163  174  178  176  172  167  163
  158  150  140  128  119  114  115  122  129  134  132  122  107   91   76   66
   59   55   52   51   52   55   61   67   73   76   78   79   79   80   80   78
   74   68   62   54   45   40   38   41   46   52   58   64   73   81   89   95
  101  109  117  124  127  127  126  126  127
    27.5-180.0 180.0   5.0 450.0                            LAT/LON1/LON2/DLON/H
  139  139  137  133  130  130  134  143  157  171  183  190  190  186  182  177
  171  160  145  131  119  114  117  125  136  143  142  133  118  101   87   75
   66   60   56   53   52   53   56   61   65   69   72   75   78   80   80   77
   72   66   58   49   39   33   32   36   44   51   58   66   76   85   94  100
  106  114  123  131  136  137  138  138  139
    25.0-180.0 180.0   5.0 450.0                            LAT/LON1/LON2/DLON/H
  154  156  155  154  153  153  155  160  171  184  196  203  203  200  196  190
  182  168  151  134  122  117  120  129  140  148  148  140  127  112   98   86
   76   67   61   56   54   53   53   55   57   59   63   68   73   77   77   74
   69   62   54   44   34   27   26   32   40   49   57   66   77   88   98  105
  111  119  129  139  145  148  150  152  154
    22.5-180.0 180.0   5.0 450.0                            LAT/LON1/LON2/DLON/H
  170  174  177  179  182  183  183  185  191  201  211  217  218  214  209  203
  193  177  158  141  128  123  126  133  143  149  150  143  132  119  108   97
   86   75   67   61   57   54   52   50   49   50   53   60   66   71   71   68
   63   58   51   42   31   23   22   27   36   45   54   63   76   89  101  109
  116  124  135  146  154  158  162  166  170
    20.0-180.0 180.0   5.0 450.0                            LAT/LON1/LON2/DLON/H
  186  192  198  206  212  216  216  215  216  222  230  234  234  230  225  219
  208  192  172  154  142  135  135  139  144  148  146  141  132  124  117  107
   95   83   73   67   63   58   53   48   44   43   45   52   59   64   64   61
   57   53   49   41   30   21   19   23   32   40   48   58   72   87  101  111
  119  129  140  152  162  168  174  180  186
    17.5-180.0 180.0   5.0 450.0                            LAT/LON1/LON2/DLON/H
  200  208  217  229  240  247  248  244  242  245  250  253  251  248  244  240
  230  213  193  175  162  153  148  146  145  144  140  135  130  127  123  116
  105   91   80   73   70   65   59   51   44   40   41   47   54   58   58   54
   51   50   47   41   30   21   17   20   27   34   41   50   65   83   99  112
  122  133  145  158  169  177  185  193  200
    15.0-180.0 180.0   5.0 450.0                            LAT/LON1/LON2/DLON/H
  212  220  231  246  262  272  274  270  266  268  271  272  271  268  268  266
  258  242  222  203  188  176  164  155  147  140  134  128  126  127  128  124
  113   99   87   81   78   74   68   58   49   44   43   47   53   55   54   50
   47   47   47   42   32   22   17   18   23   28   33   43   58   77   96  111
  123  135  149  162  175  185  195  204  212
    12.5-180.0 180.0   5.0 450.0                            LAT/LON1/LON2/DLON/H
  222  230  241  257  275  288  292  288  285  286  290  291  290  290  293  296
  291  278  257  237  218  200  182  165  151  139  129  123  122  127  132  131
  121  106   94   88   87   84   79   70   60   53   51   52   56   56   53   48
   45   46   47   43   34   23   17   18   21   24   28   36   51   71   91  108
  122  136  151  165  179  191  203  214  222
    10.0-180.0 180.0   5.0 450.0                            LAT/LON1/LON2/DLON/H
  231  238  248  264  282  296  301  299  298  301  305  308  308  311  318  326
  326  314  294  270  247  224  199  176  157  141  129  121  121  128  136  136
  127  113  101   96   95   94   90   82   74   66   62   62   62   61   55   49
   46   46   48   44   35   25   19   18   20   22   24   31   46   66   87  105
  121  136  151  166  181  196  210  222  231
     7.5-180.0 180.0   5.0 450.0                            LAT/LON1/LON2/DLON/H
  240  246  255  269  286  299  304  303  304  310  317  320  322  328  340  352
  357  347  326  300  272  243  214  186  164  147  133  124  123  130  138  140
  132  119  108  103  102  102   99   94   87   80   75   72   70   66   59   52
   47   47   48   45   36   27   21   20   22   23   24   30   43   63   84  103
  119  134  149  164  181  198  216  230  240
     5.0-180.0 180.0   5.0 450.0                            LAT/LON1/LON2/DLON/H
  249  256  264  277  291  301  304  303  306  315  323  328  331  338  353  370
  377  370  349  321  290  257  224  195  173  156  141  130  127  132  139  142
  135  123  112  107  106  106  104  101   96   90   84   79   76   71   63   54
   48   47   47   44   37   29   24   23   24   25   26   31   44   63   83  101
  117  131  146  162  179  199  220  237  249
     2.5-180.0 180.0   5.0 450.0                            LAT/LON1/LON2/DLON/H
  257  268  277  289  300  305  304  302  306  316  326  332  334  342  357  375
  385  379  359  331  298  263  230  202  181  165  151  138  131  132  138  140
  135  124  114  109  107  105  103  101   97   93   87   81   77   72   64   55
   49   47   47   44   38   31   27   26   27   28   29   34   47   65   84  102
  116  129  143  158  177  199  222  242  257
