path_delay/I2009-04-08
     1.0            IONOSPHERE MAPS     GNSS                IONEX VERSION / TYPE
ADDNEQ2 V5.1        AIUB                12-APR-09 19:50     PGM / RUN BY / DATE 
CODE'S GLOBAL IONOSPHERE MAPS FOR DAY 098, 2009             COMMENT             
Global ionosphere maps (GIM) are generated on a daily basis DESCRIPTION         
at CODE using data from about 150 GPS sites of the IGS and  DESCRIPTION         
other institutions. The vertical total electron content     DESCRIPTION         
(VTEC) is modeled in a solar-geomagnetic reference frame    DESCRIPTION         
using a spherical harmonics expansion up to degree and      DESCRIPTION         
order 15. Piece-wise linear functions are used for          DESCRIPTION         
representation in the time domain. The time spacing of      DESCRIPTION         
their vertices is 2 hours, conforming with the epochs of    DESCRIPTION         
the VTEC maps. Instrumental biases, so-called differential  DESCRIPTION         
P1-P2 code biases (DCB), for all GPS satellites and ground  DESCRIPTION         
stations are estimated as constant values for each day,     DESCRIPTION         
simultaneously with the 13 times 256, or 3328 parameters    DESCRIPTION         
used to represent the global VTEC distribution. The DCB     DESCRIPTION         
datum is defined by a zero-mean condition imposed on the    DESCRIPTION         
satellite bias estimates. P1-C1 bias corrections are taken  DESCRIPTION         
into account if needed. To convert line-of-sight TEC into   DESCRIPTION         
vertical TEC, a modified single-layer model mapping         DESCRIPTION         
function approximating the JPL extended slab model mapping  DESCRIPTION         
function is adopted. The mapping function is evaluated at   DESCRIPTION         
geodetic satellite elevation angles. For the computation of DESCRIPTION         
the ionospheric pierce points, a spherical layer with a     DESCRIPTION         
radius of 6821 km is assumed, implying geocentric, not      DESCRIPTION         
geodetic IONEX latitudes.                                   DESCRIPTION         
Note: These GIM results correspond to the results for the   DESCRIPTION         
middle day of a 3-day combination analysis solving for 37   DESCRIPTION         
times 256, or 9472 VTEC parameters and one common set of    DESCRIPTION         
satellite and 24-hour receiver DCB constants.               DESCRIPTION         
Contact address: stefan.schaer or code @aiub.unibe.ch       DESCRIPTION         
Web site:        http://www.aiub.unibe.ch/ionosphere/       DESCRIPTION         
Data archive:    ftp://ftp.unibe.ch/aiub/CODE/              DESCRIPTION         
                 http://www.aiub.unibe.ch/download/CODE/    DESCRIPTION         
  2009     4     8     0     0     0                        EPOCH OF FIRST MAP  
  2009     4     9     0     0     0                        EPOCH OF LAST MAP   
  7200                                                      INTERVAL            
    13                                                      # OF MAPS IN FILE   
  NONE                                                      MAPPING FUNCTION    
    10.0                                                    ELEVATION CUTOFF    
One-way carrier phase leveled to code                       OBSERVABLES USED    
[...]
bogo bogt bor1 braz brft brmu brst brus bue1 bue2 cagl cagz COMMENT             
cas1 ccjm cedu chat chpi chti cnmr coco conz crar cro1 ctwn COMMENT             
daej darw dav1 dgar drao dubo eil1 eil2 eprt etad etdd faa1 COMMENT             
fair flin flrs func ganp glps glsv gode godz gold gope gras COMMENT             
graz guam guat harb hers hert hnpt hob2 hofn holb holm hrao COMMENT             
hrm1 hrm2 hyde ieng iisc ilha invk irkj irkt ispa joz2 joze COMMENT             
jplv karr kerg khaj khar kir0 kiru kit3 kokb kosg kour lama COMMENT             
lhaz lpal lpgs madr mal2 mas1 mat1 mate maui maw1 mbar mccj COMMENT             
mcil mcm4 mdo1 mdvj medi mets metz mizu mkea mnls mobj mobs COMMENT             
monp morp mtka nano nico nist nisu nklg nlib not1 novm nrc1 COMMENT             
nril nrmd nssp ntus nurk nya1 ohi2 ohi3 onsa opmt osn1 osn2 COMMENT             
pado park pdel penc pert pie1 pimo pol2 pots pove pre1 pre2 COMMENT             
ptbb qaq1 qui1 qui2 quin rabt ramo rcmn recf reso reun reyk COMMENT             
rio2 rosa salu sant savo sch2 scor scub sele sfer shao sofi COMMENT             
spt0 ssia stjo str2 sunm suth suwn sydn syog thti thu2 thu3 COMMENT             
tixi tlse tn22 tow2 tro1 tskb twtf txes uclu ufpr unb3 unbj COMMENT             
unbn unbt unsa urum usud vesl vill vtsp wab1 wab2 wdc3 wdc4 COMMENT             
wes2 will wsrt wtza wtzj wtzr wtzs wtzz xmis yar2 yar3 yell COMMENT             
yssk zeck zim2 zimj zimm zwe2                               COMMENT             
                                                            END OF HEADER       
[from data line 1287]
     4                                                      START OF TEC MAP    
  2009     4     8     6     0     0                        EPOCH OF CURRENT MAP
    87.5-180.0 180.0   5.0 450.0                            LAT/LON1/LON2/DLON/H
   56   56   56   56   56   56   56   55   55   55   55   55   55   55   55   55
   55   55   56   56   56   56   56   57   57   57   57   58   58   59   59   59
   59   60   60   60   61   61   61   61   61   61   61   61   61   61   61   60
   60   60   60   60   59   59   59   59   58   58   58   58   57   57   57   57
   57   56   56   56   56   56   56   56   56
    85.0-180.0 180.0   5.0 450.0                            LAT/LON1/LON2/DLON/H
   52   52   52   52   52   52   52   51   51   51   51   50   50   49   49   49
   49   48   48   49   49   49   50   50   51   51   52   53   54   55   56   57
   58   59   59   60   61   61   61   62   62   62   62   62   62   61   61   61
   61   60   60   59   59   58   58   57   57   56   56   55   55   54   54   53
   53   53   52   52   52   52   52   52   52
    82.5-180.0 180.0   5.0 450.0                            LAT/LON1/LON2/DLON/H
   49   49   49   49   49   48   48   47   47   46   45   44   43   41   41   40
   39   38   38   38   38   39   39   40   41   42   44   46   47   49   51   53
   54   56   57   58   59   60   60   61   61   61   61   61   61   61   61   61
   61   60   60   60   59   59   58   57   57   56   55   54   53   52   51   50
   50   49   49   49   48   48   48   49   49
    80.0-180.0 180.0   5.0 450.0                            LAT/LON1/LON2/DLON/H
   46   46   46   46   46   45   44   43   42   40   38   37   35   33   31   30
   28   28   27   27   27   27   28   29   30   32   34   36   39   41   44   47
   49   52   54   55   57   58   58   59   59   59   59   59   59   60   60   61
   61   62   62   62   62   62   61   61   59   58   57   55   54   53   51   50
   49   48   47   47   47   46   46   46   46
    77.5-180.0 180.0   5.0 450.0                            LAT/LON1/LON2/DLON/H
   46   45   45   45   44   43   42   40   38   35   33   30   27   25   22   21
   19   18   18   17   18   18   19   20   21   23   25   27   30   33   37   40
   44   47   50   52   53   54   55   55   55   55   56   56   57   58   60   61
   63   65   66   67   68   68   67   67   65   64   62   60   59   57   55   53
   52   51   49   48   48   47   46   46   46
    75.0-180.0 180.0   5.0 450.0                            LAT/LON1/LON2/DLON/H
   47   46   45   44   43   42   40   38   35   32   28   25   22   19   16   14
   13   13   12   13   13   13   14   14   15   16   18   20   23   26   30   34
   38   42   46   48   50   51   51   51   51   51   52   53   55   57   60   63
   66   69   71   73   75   75   75   74   73   71   69   67   65   63   61   60
   58   57   55   54   52   51   50   48   47
    72.5-180.0 180.0   5.0 450.0                            LAT/LON1/LON2/DLON/H
   51   49   47   46   44   41   39   36   33   29   25   22   18   15   13   12
   11   12   12   13   14   14   14   14   13   13   13   15   17   20   24   29
   34   38   42   45   47   48   48   47   47   47   48   50   53   57   61   65
   70   74   77   80   82   82   82   82   80   78   76   74   72   70   69   68
   66   65   64   62   60   58   56   54   51
    70.0-180.0 180.0   5.0 450.0                            LAT/LON1/LON2/DLON/H
   57   54   51   48   45   42   39   35   32   28   24   20   17   14   13   12
   13   14   16   18   19   19   19   17   15   13   12   12   13   16   20   25
   30   35   39   42   44   45   45   44   44   45   46   49   53   58   63   69
   74   79   83   85   87   88   87   86   84   83   81   79   77   76   75   75
   74   74   73   71   69   67   64   61   57
    67.5-180.0 180.0   5.0 450.0                            LAT/LON1/LON2/DLON/H
   64   60   56   51   47   43   39   35   31   27   23   20   17   15   15   15
   17   19   21   24   25   26   24   22   18   15   12   10   10   13   16   21
   27   32   36   40   42   43   43   43   43   44   46   50   54   60   67   73
   79   83   87   89   90   90   89   87   86   83   81   80   79   78   78   79
   80   81   81   80   78   76   72   69   64
    65.0-180.0 180.0   5.0 450.0                            LAT/LON1/LON2/DLON/H
   72   67   61   56   50   44   39   34   30   26   23   20   18   17   17   18
   20   23   26   28   30   30   28   25   20   16   12   10    9   11   15   20
   25   30   34   38   40   41   42   42   43   45   48   53   58   65   71   78
   83   87   90   91   91   90   88   86   84   82   80   78   77   77   78   80
   82   84   85   86   85   83   80   76   72
    62.5-180.0 180.0   5.0 450.0                            LAT/LON1/LON2/DLON/H
   79   74   68   61   54   46   39   33   29   25   22   20   19   19   19   20
   22   24   26   28   29   29   28   25   20   16   12    9    9   11   14   19
   24   29   33   36   39   41   42   44   46   49   53   58   64   71   77   83
   88   91   92   92   91   89   87   85   83   80   78   75   74   73   74   77
   79   82   85   87   87   87   85   83   79
    60.0-180.0 180.0   5.0 450.0                            LAT/LON1/LON2/DLON/H
   85   81   75   67   59   49   41   33   27   23   21   20   20   20   21   21
   21   21   22   23   24   24   23   20   17   14   11   10   10   12   15   19
   24   28   32   36   39   42   44   47   50   54   59   65   71   78   84   89
   93   95   95   94   93   91   89   86   84   81   77   74   71   70   70   71
   74   78   81   84   86   87   87   87   85
    57.5-180.0 180.0   5.0 450.0                            LAT/LON1/LON2/DLON/H
   89   87   82   75   65   54   43   34   27   23   21   20   21   21   21   20
   18   16   15   14   14   15   15   14   13   12   11   11   12   15   18   21
   24   28   32   36   40   44   48   52   56   61   66   72   79   85   91   96
   99  100  100   99   97   95   93   91   89   85   81   77   72   69   67   67
   68   71   74   77   80   83   86   88   89
    55.0-180.0 180.0   5.0 450.0                            LAT/LON1/LON2/DLON/H
   91   92   89   82   72   60   48   37   29   24   21   21   22   22   21   19
   15   10    7    5    4    5    7    9   10   11   13   14   16   18   21   23
   26   29   32   37   42   47   52   58   63   68   73   79   86   92   97  102
  105  106  106  105  104  102  101   99   97   94   89   83   77   71   67   65
   64   65   66   69   72   77   82   88   91
    52.5-180.0 180.0   5.0 450.0                            LAT/LON1/LON2/DLON/H
   92   96   95   89   79   67   54   43   34   28   25   24   24   24   23   19
   13    7    1    0    0    0    2    6   10   14   17   19   22   23   24   25
   27   29   33   39   45   51   58   64   69   75   80   86   92   98  103  107
  111  113  113  113  113  112  110  109  107  103   98   92   84   77   71   67
   64   62   62   62   65   70   77   85   92
    50.0-180.0 180.0   5.0 450.0                            LAT/LON1/LON2/DLON/H
   92   98   99   95   86   75   63   52   42   36   32   30   29   28   26   21
   15    7    1    0    0    0    4    9   15   20   24   26   28   28   28   27
   28   31   35   42   49   57   64   70   76   81   86   91   97  102  108  112
  116  118  120  121  121  120  118  117  115  112  107  101   93   86   79   73
   68   64   61   60   61   66   73   83   92
    47.5-180.0 180.0   5.0 450.0                            LAT/LON1/LON2/DLON/H
   91   98  101   98   91   82   72   63   54   47   42   39   37   35   32   27
   20   13    6    2    3    6   12   18   24   29   33   34   34   33   30   29
   29   32   38   46   54   63   71   77   82   86   91   96  101  107  112  116
  119  122  125  126  126  125  123  120  118  115  112  107  102   95   88   82
   76   71   66   63   62   65   72   81   91
    45.0-180.0 180.0   5.0 450.0                            LAT/LON1/LON2/DLON/H
   90   96   99   98   94   88   81   74   68   61   55   50   47   44   41   36
   30   23   17   14   15   19   24   30   36   40   42   42   40   36   33   30
   30   34   41   50   60   70   77   83   88   91   95  100  105  111  115  118
  121  124  126  128  127  125  122  119  116  114  112  110  107  103   98   93
   87   81   76   71   69   69   74   81   90
    42.5-180.0 180.0   5.0 450.0                            LAT/LON1/LON2/DLON/H
   89   94   96   96   94   91   88   85   81   75   69   63   58   54   51   47
   42   37   33   30   31   34   39   44   47   49   49   47   44   39   34   31
   31   36   44   54   65   76   84   89   93   97  101  105  110  115  118  120
  121  123  125  127  127  124  119  115  111  110  110  111  111  110  107  104
   99   94   89   84   80   79   80   84   89
    40.0-180.0 180.0   5.0 450.0                            LAT/LON1/LON2/DLON/H
   90   91   92   91   91   91   92   92   91   87   81   75   69   65   62   59
   56   52   49   47   47   49   52   54   55   55   53   50   46   41   36   33
   33   38   46   58   70   80   89   95   99  102  106  111  116  119  121  121
  120  122  124  126  127  124  118  113  109  107  109  111  114  115  115  114
  111  108  104  100   96   92   89   89   90
    37.5-180.0 180.0   5.0 450.0                            LAT/LON1/LON2/DLON/H
   93   90   88   87   87   89   92   95   96   95   90   84   79   75   73   71
   69   66   63   61   60   60   60   60   58   56   54   51   47   42   38   35
   36   40   49   60   72   84   93  100  104  108  113  117  122  124  124  122
  120  121  125  129  131  129  125  118  114  112  113  116  119  122  123  123
  121  120  119  117  113  107  101   96   93
    35.0-180.0 180.0   5.0 450.0                            LAT/LON1/LON2/DLON/H
   98   92   88   85   84   86   89   94   96   96   94   90   86   83   81   80
   79   77   74   70   68   65   63   60   57   54   51   50   48   45   41   39
   39   43   51   61   74   86   96  104  109  114  119  123  127  128  127  124
  122  124  130  138  144  145  142  137  132  129  128  129  131  133  133  132
  131  131  132  132  129  123  115  106   98
    32.5-180.0 180.0   5.0 450.0                            LAT/LON1/LON2/DLON/H
  107   99   92   87   84   84   86   89   92   93   92   91   89   88   87   87
   86   83   79   75   70   66   61   57   52   49   48   49   49   48   46   44
   43   46   52   61   74   87   98  107  113  118  123  128  131  132  130  127
  126  131  141  154  165  171  171  168  163  159  155  152  151  149  146  143
  141  141  143  145  144  138  129  117  107
    30.0-180.0 180.0   5.0 450.0                            LAT/LON1/LON2/DLON/H
  119  110  102   95   90   86   84   84   85   86   87   88   89   90   90   90
   88   85   81   74   68   63   57   52   48   46   46   49   51   52   51   48
   47   47   52   60   72   86   98  108  115  121  126  130  133  134  133  132
  134  143  158  177  194  205  210  209  204  198  191  184  177  171  164  158
  153  151  153  156  156  151  142  130  119
    27.5-180.0 180.0   5.0 450.0                            LAT/LON1/LON2/DLON/H
  134  125  117  109  100   93   86   81   78   77   79   83   86   88   89   89
   87   83   78   71   65   59   54   50   46   45   47   51   55   56   55   51
   49   48   51   59   70   84   97  107  115  121  126  130  134  135  136  138
  144  158  178  203  225  241  249  251  248  241  231  219  207  197  186  176
  168  163  163  165  166  162  155  145  134
    25.0-180.0 180.0   5.0 450.0                            LAT/LON1/LON2/DLON/H
  152  145  136  127  116  104   92   81   74   71   73   77   81   84   85   84
   82   78   73   67   62   58   54   51   48   48   51   55   59   59   56   52
   48   47   49   56   68   82   95  105  112  119  125  130  134  137  140  146
  156  174  199  226  252  271  282  286  285  278  266  251  237  223  210  197
  185  177  174  174  174  172  167  160  152
    22.5-180.0 180.0   5.0 450.0                            LAT/LON1/LON2/DLON/H
  172  166  158  147  134  119  102   86   75   69   69   72   76   78   78   76
   74   71   67   63   60   59   58   56   55   55   57   61   62   60   55   50
   45   44   46   54   65   79   91  100  108  115  122  129  134  139  145  155
  169  189  215  243  268  286  298  305  306  301  290  276  261  247  234  219
  205  193  186  183  183  182  180  177  172
    20.0-180.0 180.0   5.0 450.0                            LAT/LON1/LON2/DLON/H
  193  188  179  167  152  134  114   95   81   72   69   71   73   73   71   68
   65   63   62   61   61   62   64   64   64   63   65   65   64   58   51   44
   40   40   43   51   62   75   86   94  102  111  121  129  137  144  152  164
  181  201  225  249  270  285  296  303  307  306  299  288  276  265  253  240
  224  210  200  194  193  193  195  195  193
    17.5-180.0 180.0   5.0 450.0                            LAT/LON1/LON2/DLON/H
  213  207  197  183  166  147  126  106   90   79   74   72   71   68   64   59
   57   56   57   60   63   68   71   73   73   72   71   69   63   54   44   37
   34   35   39   47   58   70   80   88   97  108  121  132  141  150  161  174
  191  209  228  245  258  268  275  282  290  294  293  288  282  276  268  256
  242  227  215  207  204  206  210  213  213
    15.0-180.0 180.0   5.0 450.0                            LAT/LON1/LON2/DLON/H
  232  224  210  193  174  155  134  115   99   88   81   77   72   66   59   53
   51   52   55   60   66   72   77   80   79   77   75   69   60   48   36   30
   29   31   35   43   53   64   74   82   92  106  123  137  148  158  170  184
  199  213  225  233  238  240  244  251  262  272  278  281  281  280  276  268
  255  241  229  220  217  220  226  232  232
    12.5-180.0 180.0   5.0 450.0                            LAT/LON1/LON2/DLON/H
  247  236  218  198  177  157  138  121  108   98   90   84   77   68   59   52
   49   51   56   62   69   76   81   83   82   79   75   68   56   42   30   25
   25   28   32   39   48   59   68   77   89  106  126  143  156  167  179  192
  206  215  220  220  217  213  213  220  233  249  262  272  278  280  279  273
  264  252  241  233  230  234  242  249  247
    10.0-180.0 180.0   5.0 450.0                            LAT/LON1/LON2/DLON/H
  259  244  222  198  175  154  137  124  114  106   99   92   83   74   64   56
   53   55   61   66   72   77   80   81   80   77   72   64   52   38   27   23
   25   27   30   35   43   53   63   74   88  107  128  147  161  173  186  199
  211  218  217  212  203  196  194  201  217  235  253  267  276  280  279  274
  267  258  250  244  242  247  256  262  259
     7.5-180.0 180.0   5.0 450.0                            LAT/LON1/LON2/DLON/H
  266  249  223  195  170  150  134  123  116  112  107  100   92   83   74   67
   64   65   69   73   75   77   78   78   76   73   68   60   48   36   28   26
   28   29   29   31   37   48   60   72   88  107  129  149  163  175  189  204
  216  221  219  212  202  195  195  203  218  238  256  270  278  280  277  271
  265  260  255  251  251  256  266  272  266
     5.0-180.0 180.0   5.0 450.0                            LAT/LON1/LON2/DLON/H
  269  250  222  194  168  146  130  121  118  117  114  109  103   95   88   82
   79   79   80   81   79   77   75   73   71   69   64   57   47   37   32   32
   34   32   29   27   33   45   59   72   88  107  127  145  159  172  188  205
  219  226  226  221  215  213  215  225  240  257  272  282  285  281  273  264
  259  257  255  254  255  261  270  275  269
     2.5-180.0 180.0   5.0 450.0                            LAT/LON1/LON2/DLON/H
  266  248  222  195  169  147  131  122  121  121  120  117  113  109  104  100
   96   95   94   90   85   79   74   71   69   66   62   56   48   41   39   40
   41   37   29   25   30   43   59   73   88  104  121  137  150  164  181  201
  219  231  236  237  239  243  251  262  274  286  295  298  293  282  268  256
  250  250  251  251  253  259  267  272  266
