path_delay/I2009-04-08
     1.0            IONOSPHERE MAPS     GNSS                IONEX VERSION / TYPE
ADDNEQ2 V5.1        AIUB                12-APR-09 19:50     PGM / RUN BY / DATE 
CODE'S GLOBAL IONOSPHERE MAPS FOR DAY 098, 2009             COMMENT             
Global ionosphere maps (GIM) are generated on a daily basis DESCRIPTION         
at CODE using data from about 150 GPS sites of the IGS and  DESCRIPTION         
other institutions. The vertical total electron content     DESCRIPTION         
(VTEC) is modeled in a solar-geomagnetic reference frame    DESCRIPTION         
using a spherical harmonics expansion up to degree and      DESCRIPTION         
order 15. Piece-wise linear functions are used for          DESCRIPTION         
representation in the time domain. The time spacing of      DESCRIPTION         
their vertices is 2 hours, conforming with the epochs of    DESCRIPTION         
the VTEC maps. Instrumental biases, so-called differential  DESCRIPTION         
P1-P2 code biases (DCB), for all GPS satellites and ground  DESCRIPTION         
stations are estimated as constant values for each day,     DESCRIPTION         
simultaneously with the 13 times 256, or 3328 parameters    DESCRIPTION         
used to represent the global VTEC distribution. The DCB     DESCRIPTION         
datum is defined by a zero-mean condition imposed on the    DESCRIPTION         
satellite bias estimates. P1-C1 bias corrections are taken  DESCRIPTION         
into account if needed. To convert line-of-sight TEC into   DESCRIPTION         
vertical TEC, a modified single-layer model mapping         DESCRIPTION         
function approximating the JPL extended slab model mapping  DESCRIPTION         
function is adopted. The mapping function is evaluated at   DESCRIPTION         
geodetic satellite elevation angles. For the computation of DESCRIPTION         
the ionospheric pierce points, a spherical layer with a     DESCRIPTION         
radius of 6821 km is assumed, implying geocentric, not      DESCRIPTION         
geodetic IONEX latitudes.                                   DESCRIPTION         
Note: These GIM results correspond to the results for the   DESCRIPTION         
middle day of a 3-day combination analysis solving for 37   DESCRIPTION         
times 256, or 9472 VTEC parameters and one common set of    DESCRIPTION         
satellite and 24-hour receiver DCB constants.               DESCRIPTION         
Contact address: stefan.schaer or code @aiub.unibe.ch       DESCRIPTION         
Web site:        http://www.aiub.unibe.ch/ionosphere/       DESCRIPTION         
Data archive:    ftp://ftp.unibe.ch/aiub/CODE/              DESCRIPTION         
                 http://www.aiub.unibe.ch/download/CODE/    DESCRIPTION         
  2009     4     8     0     0     0                        EPOCH OF FIRST MAP  
  2009     4     9     0     0     0                        EPOCH OF LAST MAP   
  7200                                                      INTERVAL            
    13                                                      # OF MAPS IN FILE   
  NONE                                                      MAPPING FUNCTION    
    10.0                                                    ELEVATION CUTOFF    
One-way carrier phase leveled to code                       OBSERVABLES USED    
[...]
bogo bogt bor1 braz brft brmu brst brus bue1 bue2 cagl cagz COMMENT             
cas1 ccjm cedu chat chpi chti cnmr coco conz crar cro1 ctwn COMMENT             
daej darw dav1 dgar drao dubo eil1 eil2 eprt etad etdd faa1 COMMENT             
fair flin flrs func ganp glps glsv gode godz gold gope gras COMMENT             
graz guam guat harb hers hert hnpt hob2 hofn holb holm hrao COMMENT             
hrm1 hrm2 hyde ieng iisc ilha invk irkj irkt ispa joz2 joze COMMENT             
jplv karr kerg khaj khar kir0 kiru kit3 kokb kosg kour lama COMMENT             
lhaz lpal lpgs madr mal2 mas1 mat1 mate maui maw1 mbar mccj COMMENT             
mcil mcm4 mdo1 mdvj medi mets metz mizu mkea mnls mobj mobs COMMENT             
monp morp mtka nano nico nist nisu nklg nlib not1 novm nrc1 COMMENT             
nril nrmd nssp ntus nurk nya1 ohi2 ohi3 onsa opmt osn1 osn2 COMMENT             
pado park pdel penc pert pie1 pimo pol2 pots pove pre1 pre2 COMMENT             
ptbb qaq1 qui1 qui2 quin rabt ramo rcmn recf reso reun reyk COMMENT             
rio2 rosa salu sant savo sch2 scor scub sele sfer shao sofi COMMENT             
spt0 ssia stjo str2 sunm suth suwn sydn syog thti thu2 thu3 COMMENT             
tixi tlse tn22 tow2 tro1 tskb twtf txes uclu ufpr unb3 unbj COMMENT             
unbn unbt unsa urum usud vesl vill vtsp wab1 wab2 wdc3 wdc4 COMMENT             
wes2 will wsrt wtza wtzj wtzr wtzs wtzz xmis yar2 yar3 yell COMMENT             
yssk zeck zim2 zimj zimm zwe2                               COMMENT             
                                                            END OF HEADER       
[from data line 3861]
    10                                                      START OF TEC MAP    
  2009     4     8    18     0     0                        EPOCH OF CURRENT MAP
    87.5-180.0 180.0   5.0 450.0                            LAT/LON1/LON2/DLON/H
   58   58   59   59   59   59   59   59   59   60   60   60   60   60   60   60
   60   59   59   59   59   58   58   58   58   57   57   57   56   56   56   55
   55   55   55   54   54   54   54   54   54   54   54   54   54   54   54   54
   54   54   54   54   55   55   55   55   55   55   56   56   56   56   56   56
   57   57   57   57   57   58   58   58   58
    85.0-180.0 180.0   5.0 450.0                            LAT/LON1/LON2/DLON/H
   58   58   59   59   60   60   61   61   62   62   63   63   63   64   64   64
   64   63   63   63   62   62   61   60   60   59   58   57   56   56   55   54
   54   53   53   53   52   52   52   52   52   52   52   52   52   52   52   52
   52   52   52   52   53   53   53   53   54   54   54   54   55   55   55   56
   56   56   56   56   57   57   57   58   58
    82.5-180.0 180.0   5.0 450.0                            LAT/LON1/LON2/DLON/H
   55   56   57   58   59   60   61   62   63   64   65   66   67   67   68   68
   68   68   68   67   67   66   65   64   63   62   60   59   58   56   55   54
   53   53   52   52   52   52   51   51   51   51   51   51   51   51   51   50
   50   50   50   50   50   50   50   50   51   51   52   52   52   53   53   53
   53   54   54   54   54   54   55   55   55
    80.0-180.0 180.0   5.0 450.0                            LAT/LON1/LON2/DLON/H
   51   52   53   54   55   57   59   61   63   65   66   68   69   70   71   72
   72   72   72   72   71   71   70   69   67   66   64   62   60   58   57   55
   54   53   53   52   52   52   52   52   52   52   52   52   51   50   49   48
   48   47   46   46   45   45   45   46   46   47   47   48   48   49   49   49
   49   49   50   50   50   50   50   50   51
    77.5-180.0 180.0   5.0 450.0                            LAT/LON1/LON2/DLON/H
   46   47   48   49   51   54   56   59   61   64   66   68   70   71   72   73
   74   74   74   75   75   74   74   73   72   70   68   66   64   61   59   57
   56   54   54   53   53   54   54   54   54   54   53   52   51   50   48   46
   44   43   41   40   39   39   39   39   40   40   41   42   42   43   43   43
   44   44   44   44   44   44   45   45   46
    75.0-180.0 180.0   5.0 450.0                            LAT/LON1/LON2/DLON/H
   41   42   44   46   48   50   53   56   60   62   65   67   69   70   71   72
   72   73   74   75   76   77   77   77   76   75   73   70   67   64   61   59
   57   55   54   54   54   55   55   55   55   55   54   53   51   48   46   43
   40   38   36   34   33   32   32   32   32   33   34   34   35   36   36   37
   37   37   38   38   39   39   40   41   41
    72.5-180.0 180.0   5.0 450.0                            LAT/LON1/LON2/DLON/H
   40   41   42   44   46   48   51   55   58   61   63   65   66   67   67   68
   68   69   70   72   74   77   78   79   80   79   77   74   70   66   63   59
   57   55   54   53   53   54   54   55   55   54   53   52   49   46   43   39
   36   33   30   28   26   25   25   25   25   26   26   27   28   28   29   29
   30   31   32   33   35   36   37   39   40
    70.0-180.0 180.0   5.0 450.0                            LAT/LON1/LON2/DLON/H
   41   42   44   45   46   49   51   54   57   59   61   62   63   63   62   62
   62   63   65   68   71   75   78   80   81   81   79   76   72   67   63   59
   56   53   52   51   51   51   52   52   52   52   51   49   47   43   40   36
   32   29   25   23   21   20   19   19   20   20   20   21   21   21   22   23
   24   26   28   30   33   36   38   40   41
    67.5-180.0 180.0   5.0 450.0                            LAT/LON1/LON2/DLON/H
   46   48   48   49   50   51   53   55   57   58   59   60   60   59   58   57
   57   58   60   64   68   72   76   79   81   81   79   76   71   66   62   57
   54   51   49   48   47   47   47   47   47   47   47   45   43   41   37   33
   30   26   23   20   18   17   16   16   16   16   16   17   17   17   17   18
   19   22   25   29   33   38   42   44   46
    65.0-180.0 180.0   5.0 450.0                            LAT/LON1/LON2/DLON/H
   54   55   56   56   56   56   57   58   58   59   59   59   58   57   56   55
   55   56   58   61   65   70   74   78   79   79   77   74   69   64   59   55
   51   48   46   44   43   42   42   42   42   43   43   42   41   39   36   33
   29   25   22   20   18   17   16   15   15   15   15   15   15   15   15   16
   18   21   25   30   36   42   47   52   54
    62.5-180.0 180.0   5.0 450.0                            LAT/LON1/LON2/DLON/H
   63   64   64   64   63   63   62   62   61   61   60   60   59   58   58   57
   57   58   60   62   66   70   73   76   77   76   74   71   66   62   58   54
   50   47   45   42   40   39   38   38   38   40   41   42   41   40   37   34
   30   27   24   21   19   18   17   16   16   16   16   16   17   17   17   18
   20   23   27   34   41   48   54   59   63
    60.0-180.0 180.0   5.0 450.0                            LAT/LON1/LON2/DLON/H
   70   72   72   72   71   70   69   68   66   65   63   63   62   63   63   64
   64   65   66   67   69   72   74   75   75   74   71   68   64   61   57   54
   51   48   46   43   40   38   37   37   38   40   42   44   45   44   42   38
   34   30   26   24   22   20   19   18   18   18   19   20   21   22   22   23
   25   27   32   38   46   54   61   66   70
    57.5-180.0 180.0   5.0 450.0                            LAT/LON1/LON2/DLON/H
   75   77   78   78   78   77   76   74   72   70   68   68   68   70   72   74
   74   75   74   74   75   75   75   75   74   72   69   67   64   62   59   57
   55   52   49   46   43   41   40   40   42   45   48   51   52   51   48   44
   39   34   30   27   25   23   22   21   21   21   23   25   27   29   30   31
   32   35   39   44   51   59   65   71   75
    55.0-180.0 180.0   5.0 450.0                            LAT/LON1/LON2/DLON/H
   76   79   81   82   84   84   84   83   80   77   75   75   76   79   82   85
   86   86   84   82   81   79   78   76   74   72   70   68   66   65   64   63
   61   58   55   52   50   48   47   48   51   54   58   61   63   61   57   51
   44   38   34   30   28   27   26   25   24   25   27   30   34   37   39   40
   41   43   46   50   56   62   67   72   76
    52.5-180.0 180.0   5.0 450.0                            LAT/LON1/LON2/DLON/H
   74   78   81   85   88   91   92   91   89   86   84   83   85   89   93   95
   96   95   92   89   86   84   81   79   77   74   72   71   71   71   70   69
   67   65   62   60   58   58   58   60   63   67   71   74   74   72   67   59
   51   43   38   35   33   32   31   29   29   29   32   36   40   44   47   49
   51   52   54   56   59   63   67   71   74
    50.0-180.0 180.0   5.0 450.0                            LAT/LON1/LON2/DLON/H
   70   74   79   85   90   96   99  100   99   96   94   94   95   99  102  104
  103  101   98   94   91   88   85   83   80   78   77   76   77   77   77   76
   74   71   69   69   69   70   71   74   77   80   84   86   85   82   75   67
   57   49   43   40   38   38   37   35   34   34   36   40   45   50   54   57
   59   60   61   61   62   63   64   67   70
    47.5-180.0 180.0   5.0 450.0                            LAT/LON1/LON2/DLON/H
   65   69   76   83   91   99  105  109  109  107  105  104  106  108  109  109
  107  104  100   96   93   91   89   87   85   83   82   82   83   83   83   81
   79   77   76   77   79   82   85   87   90   93   94   95   94   90   83   73
   63   55   49   46   45   45   44   42   40   39   40   43   48   53   58   61
   64   65   66   65   63   62   61   62   65
    45.0-180.0 180.0   5.0 450.0                            LAT/LON1/LON2/DLON/H
   60   65   72   80   90  100  109  115  118  118  116  116  116  116  116  113
  109  105  101   98   96   95   94   92   91   89   87   87   87   88   87   85
   83   82   84   87   91   95   98  100  102  102  102  101   99   94   87   79
   69   61   55   52   52   52   51   49   46   44   44   46   50   54   59   63
   66   68   69   67   64   60   57   57   60
    42.5-180.0 180.0   5.0 450.0                            LAT/LON1/LON2/DLON/H
   56   62   69   78   88  100  111  120  125  127  126  126  126  124  121  116
  110  105  102  100  100  100  100   99   97   94   91   90   91   91   91   89
   88   89   92   98  103  108  110  111  111  109  107  103  100   95   90   82
   74   66   60   58   58   58   58   55   52   49   47   48   51   54   58   62
   66   68   69   67   63   58   54   54   56
    40.0-180.0 180.0   5.0 450.0                            LAT/LON1/LON2/DLON/H
   55   60   67   75   85   97  110  122  129  133  135  135  135  132  127  120
  113  108  106  106  107  108  108  106  103   98   94   93   93   95   95   95
   96   99  105  112  118  122  123  121  118  114  109  103   99   94   90   84
   77   70   65   62   62   62   61   59   56   53   50   50   52   54   57   60
   63   66   68   66   62   56   52   52   55
    37.5-180.0 180.0   5.0 450.0                            LAT/LON1/LON2/DLON/H
   55   61   66   73   82   94  108  121  131  136  140  141  142  139  133  125
  118  114  113  114  116  117  117  114  109  102   97   96   98  101  104  106
  109  115  123  131  136  137  135  131  125  118  110  102   96   92   88   84
   78   72   67   63   62   62   62   60   57   55   53   53   54   55   56   58
   60   63   65   63   59   54   51   51   55
    35.0-180.0 180.0   5.0 450.0                            LAT/LON1/LON2/DLON/H
   58   63   68   73   80   91  105  119  130  137  141  145  146  145  139  132
  126  123  123  126  128  129  127  123  116  108  102  102  107  114  120  125
  131  139  148  155  157  154  148  140  132  123  112  102   94   89   86   83
   78   72   66   62   60   59   58   57   56   55   55   56   57   58   57   57
   58   60   61   60   57   53   51   53   58
    32.5-180.0 180.0   5.0 450.0                            LAT/LON1/LON2/DLON/H
   62   67   71   74   80   89  103  117  128  135  140  144  148  149  145  140
  135  134  136  138  140  140  138  132  124  115  111  114  123  135  145  152
  160  169  178  183  181  173  161  151  140  129  117  105   94   88   84   81
   76   69   63   58   54   53   52   52   53   54   57   60   61   62   60   58
   57   57   57   57   54   52   52   56   62
    30.0-180.0 180.0   5.0 450.0                            LAT/LON1/LON2/DLON/H
   67   73   76   78   82   90  103  116  126  132  137  142  147  150  150  147
  144  145  147  150  152  151  148  142  134  126  125  132  148  164  178  187
  195  204  212  213  205  190  174  161  149  138  124  109   96   88   83   78
   73   65   58   52   49   47   46   46   49   53   58   63   66   66   64   61
   58   56   55   54   53   52   54   60   67
    27.5-180.0 180.0   5.0 450.0                            LAT/LON1/LON2/DLON/H
   72   79   82   83   86   94  105  117  125  129  133  138  145  151  153  153
  152  154  157  160  161  161  158  153  146  141  144  158  179  201  216  226
  233  240  245  241  227  206  185  170  158  147  132  115  100   89   83   77
   70   62   54   48   45   42   41   42   46   52   59   65   69   70   68   64
   59   56   54   53   52   53   57   64   72
    25.0-180.0 180.0   5.0 450.0                            LAT/LON1/LON2/DLON/H
   78   85   89   90   93   99  110  120  126  129  131  135  143  151  156  158
  159  162  166  168  170  170  169  165  161  159  167  188  215  240  256  263
  267  271  272  264  243  217  193  177  166  155  139  121  104   92   83   76
   68   60   53   48   45   42   41   41   45   52   59   66   71   72   70   66
   60   56   53   52   53   55   60   68   78
    22.5-180.0 180.0   5.0 450.0                            LAT/LON1/LON2/DLON/H
   82   90   95   97  100  106  115  124  129  130  131  135  143  152  159  163
  166  170  174  177  180  181  181  180  178  180  193  219  250  277  290  293
  293  294  291  278  254  223  198  182  172  161  144  125  107   95   86   78
   69   61   55   52   50   47   45   45   48   53   60   66   69   71   69   66
   61   57   54   53   54   57   63   72   82
    20.0-180.0 180.0   5.0 450.0                            LAT/LON1/LON2/DLON/H
   84   93   99  102  106  112  121  129  134  135  135  139  146  156  165  171
  176  181  186  190  194  196  198  198  197  202  218  247  280  305  314  312
  307  305  300  285  257  225  200  184  175  164  147  127  110   98   90   82
   73   66   62   60   59   57   54   52   53   56   60   64   66   66   65   63
   60   57   55   55   56   59   65   73   84
    17.5-180.0 180.0   5.0 450.0                            LAT/LON1/LON2/DLON/H
   83   93  101  106  110  116  125  134  140  143  144  147  154  165  174  183
  189  196  203  210  215  218  220  219  218  223  240  269  300  321  325  317
  309  304  299  283  256  225  200  186  177  165  147  128  112  102   96   89
   81   74   71   72   72   70   66   62   60   60   61   61   60   60   60   59
   58   57   56   56   57   60   64   72   83
    15.0-180.0 180.0   5.0 450.0                            LAT/LON1/LON2/DLON/H
   78   90   99  106  111  117  126  136  146  152  155  159  167  177  188  199
  208  218  228  237  243  246  246  243  239  242  257  283  309  323  321  309
  299  295  291  278  253  224  201  188  179  165  147  128  115  108  104   98
   90   83   82   84   85   83   77   71   67   64   61   58   54   53   53   54
   55   55   55   56   56   58   61   68   78
    12.5-180.0 180.0   5.0 450.0                            LAT/LON1/LON2/DLON/H
   71   84   96  104  109  115  124  137  151  161  168  174  181  193  205  218
  231  245  258  270  277  278  275  267  260  258  269  288  307  314  306  291
  282  281  280  271  250  225  205  193  182  166  147  129  119  115  113  107
   99   93   91   93   95   93   86   79   73   67   62   56   50   48   48   50
   52   53   54   54   54   54   55   61   71
    10.0-180.0 180.0   5.0 450.0                            LAT/LON1/LON2/DLON/H
   63   77   90  100  106  112  121  137  155  171  181  188  197  208  223  239
  255  273  290  303  310  310  302  289  277  272  276  289  300  299  286  271
  264  267  271  266  250  229  212  200  187  170  149  133  125  124  122  117
  107  100   97   99  100   97   90   82   75   69   63   55   49   46   46   48
   50   51   51   51   50   48   48   52   63
     7.5-180.0 180.0   5.0 450.0                            LAT/LON1/LON2/DLON/H
   54   69   85   96  103  108  119  137  159  179  193  202  211  223  238  256
  276  296  316  331  338  335  323  306  291  282  282  288  291  284  268  254
  251  258  266  264  252  235  220  208  194  175  154  139  133  132  131  123
  112  103   99   99   99   96   89   82   75   70   63   56   50   48   47   48
   48   48   48   47   44   41   39   43   54
     5.0-180.0 180.0   5.0 450.0                            LAT/LON1/LON2/DLON/H
   47   64   81   94  101  107  118  137  162  186  202  212  221  233  249  268
  289  311  332  347  353  348  333  316  300  291  289  289  286  274  258  246
  246  255  265  265  255  241  228  216  201  181  160  146  141  140  136  127
  113  102   96   94   93   90   84   78   73   69   64   59   55   53   52   51
   48   46   45   43   40   35   33   36   47
     2.5-180.0 180.0   5.0 450.0                            LAT/LON1/LON2/DLON/H
   43   61   80   94  103  109  120  140  166  191  209  219  228  240  255  273
  292  312  332  347  352  345  332  316  304  298  297  295  288  274  258  248
  250  259  267  266  257  244  232  220  204  184  165  152  147  144  137  125
  109   96   89   86   84   81   76   72   69   67   65   62   60   59   58   55
   50   45   42   40   37   32   29   32   43
