path_delay/I2009-04-08
     1.0            IONOSPHERE MAPS     GNSS                IONEX VERSION / TYPE
ADDNEQ2 V5.1        AIUB                12-APR-09 19:50     PGM / RUN BY / DATE 
CODE'S GLOBAL IONOSPHERE MAPS FOR DAY 098, 2009             COMMENT             
Global ionosphere maps (GIM) are generated on a daily basis DESCRIPTION         
at CODE using data from about 150 GPS sites of the IGS and  DESCRIPTION         
other institutions. The vertical total electron content     DESCRIPTION         
(VTEC) is modeled in a solar-geomagnetic reference frame    DESCRIPTION         
using a spherical harmonics expansion up to degree and      DESCRIPTION         
order 15. Piece-wise linear functions are used for          DESCRIPTION         
representation in the time domain. The time spacing of      DESCRIPTION         
their vertices is 2 hours, conforming with the epochs of    DESCRIPTION         
the VTEC maps. Instrumental biases, so-called differential  DESCRIPTION         
P1-P2 code biases (DCB), for all GPS satellites and ground  DESCRIPTION         
stations are estimated as constant values for each day,     DESCRIPTION         
simultaneously with the 13 times 256, or 3328 parameters    DESCRIPTION         
used to represent the global VTEC distribution. The DCB     DESCRIPTION         
datum is defined by a zero-mean condition imposed on the    DESCRIPTION         
satellite bias estimates. P1-C1 bias corrections are taken  DESCRIPTION         
into account if needed. To convert line-of-sight TEC into   DESCRIPTION         
vertical TEC, a modified single-layer model mapping         DESCRIPTION         
function approximating the JPL extended slab model mapping  DESCRIPTION         
function is adopted. The mapping function is evaluated at   DESCRIPTION         
geodetic satellite elevation angles. For the computation of DESCRIPTION         
the ionospheric pierce points, a spherical layer with a     DESCRIPTION         
radius of 6821 km is assumed, implying geocentric, not      DESCRIPTION         
geodetic IONEX latitudes.                                   DESCRIPTION         
Note: These GIM results correspond to the results for the   DESCRIPTION         
middle day of a 3-day combination analysis solving for 37   DESCRIPTION         
times 256, or 9472 VTEC parameters and one common set of    DESCRIPTION         
satellite and 24-hour receiver DCB constants.               DESCRIPTION         
Contact address: stefan.schaer or code @aiub.unibe.ch       DESCRIPTION         
Web site:        http://www.aiub.unibe.ch/ionosphere/       DESCRIPTION         
Data archive:    ftp://ftp.unibe.ch/aiub/CODE/              DESCRIPTION         
                 http://www.aiub.unibe.ch/download/CODE/    DESCRIPTION         
  2009     4     8     0     0     0                        EPOCH OF FIRST MAP  
  2009     4     9     0     0     0                        EPOCH OF LAST MAP   
  7200                                                      INTERVAL            
    13                                                      # OF MAPS IN FILE   
  NONE                                                      MAPPING FUNCTION    
    10.0                                                    ELEVATION CUTOFF    
One-way carrier phase leveled to code                       OBSERVABLES USED    
[...]
bogo bogt bor1 braz brft brmu brst brus bue1 bue2 cagl cagz COMMENT             
cas1 ccjm cedu chat chpi chti cnmr coco conz crar cro1 ctwn COMMENT             
daej darw dav1 dgar drao dubo eil1 eil2 eprt etad etdd faa1 COMMENT             
fair flin flrs func ganp glps glsv gode godz gold gope gras COMMENT             
graz guam guat harb hers hert hnpt hob2 hofn holb holm hrao COMMENT             
hrm1 hrm2 hyde ieng iisc ilha invk irkj irkt ispa joz2 joze COMMENT             
jplv karr kerg khaj khar kir0 kiru kit3 kokb kosg kour lama COMMENT             
lhaz lpal lpgs madr mal2 mas1 mat1 mate maui maw1 mbar mccj COMMENT             
mcil mcm4 mdo1 mdvj medi mets metz mizu mkea mnls mobj mobs COMMENT             
monp morp mtka nano nico nist nisu nklg nlib not1 novm nrc1 COMMENT             
nril nrmd nssp ntus nurk nya1 ohi2 ohi3 onsa opmt osn1 osn2 COMMENT             
pado park pdel penc pert pie1 pimo pol2 pots pove pre1 pre2 COMMENT             
ptbb qaq1 qui1 qui2 quin rabt ramo rcmn recf reso reun reyk COMMENT             
rio2 rosa salu sant savo sch2 scor scub sele sfer shao sofi COMMENT             
spt0 ssia stjo str2 sunm suth suwn sydn syog thti thu2 thu3 COMMENT             
tixi tlse tn22 tow2 tro1 tskb twtf txes uclu ufpr unb3 unbj COMMENT             
unbn unbt unsa urum usud vesl vill vtsp wab1 wab2 wdc3 wdc4 COMMENT             
wes2 will wsrt wtza wtzj wtzr wtzs wtzz xmis yar2 yar3 yell COMMENT             
yssk zeck zim2 zimj zimm zwe2                               COMMENT             
                                                            END OF HEADER       
[from data line 4290]
    11                                                      START OF TEC MAP    
  2009     4     8    20     0     0                        EPOCH OF CURRENT MAP
    87.5-180.0 180.0   5.0 450.0                            LAT/LON1/LON2/DLON/H
   60   60   60   60   61   61   61   61   61   62   62   62   62   62   62   62
   62   62   62   61   61   61   60   60   60   59   59   58   58   57   57   56
   56   55   55   54   54   54   53   53   53   53   53   53   53   53   53   53
   54   54   54   54   55   55   55   56   56   56   57   57   57   58   58   58
   58   58   59   59   59   59   59   60   60
    85.0-180.0 180.0   5.0 450.0                            LAT/LON1/LON2/DLON/H
   58   59   59   60   60   61   61   62   63   63   64   64   65   65   65   65
   66   65   65   65   65   64   64   63   62   61   60   59   58   56   55   54
   53   51   50   49   48   47   46   46   45   45   45   45   45   45   46   47
   47   48   49   50   51   52   53   54   55   55   56   56   56   57   57   57
   57   57   57   57   57   57   58   58   58
    82.5-180.0 180.0   5.0 450.0                            LAT/LON1/LON2/DLON/H
   54   55   56   57   58   59   60   61   62   64   65   66   67   67   68   69
   69   69   69   69   69   68   68   67   65   64   62   61   59   57   55   53
   51   49   47   45   43   41   39   38   37   36   35   35   35   36   37   38
   40   42   43   45   47   49   50   52   53   54   54   55   55   55   55   55
   54   54   54   53   53   53   54   54   54
    80.0-180.0 180.0   5.0 450.0                            LAT/LON1/LON2/DLON/H
   50   51   52   53   55   57   58   60   62   63   65   66   67   69   70   71
   71   72   73   73   73   73   72   71   70   68   66   64   62   59   56   54
   51   48   45   42   39   36   33   31   29   27   25   25   25   25   27   28
   31   33   36   39   42   45   47   49   51   52   53   53   53   53   52   51
   51   50   49   49   49   49   49   49   50
    77.5-180.0 180.0   5.0 450.0                            LAT/LON1/LON2/DLON/H
   47   48   49   51   53   55   57   59   61   63   65   66   67   69   70   71
   73   74   75   76   77   77   77   76   75   73   71   68   65   62   59   56
   53   49   46   42   38   34   30   26   22   19   16   15   14   14   16   18
   21   25   28   32   36   40   43   45   47   49   50   50   50   49   49   48
   47   46   46   45   45   45   45   46   47
    75.0-180.0 180.0   5.0 450.0                            LAT/LON1/LON2/DLON/H
   47   48   49   51   53   55   57   59   61   63   64   65   66   68   69   70
   72   74   76   78   80   82   82   82   81   79   76   73   69   66   63   59
   56   52   49   44   40   34   29   23   18   13    9    6    4    4    6    8
   12   16   21   25   30   34   38   41   43   44   45   46   46   45   45   45
   44   44   44   44   44   45   45   46   47
    72.5-180.0 180.0   5.0 450.0                            LAT/LON1/LON2/DLON/H
   50   51   52   53   55   57   58   60   62   63   64   65   65   66   67   68
   70   73   76   80   83   85   87   87   85   83   80   76   72   68   65   62
   59   56   52   48   43   37   30   22   15    9    3    0    0    0    0    1
    5    9   14   19   24   28   32   35   37   39   40   40   41   41   42   42
   43   44   45   46   47   48   49   49   50
    70.0-180.0 180.0   5.0 450.0                            LAT/LON1/LON2/DLON/H
   57   57   58   58   59   60   61   62   63   64   64   64   64   64   64   66
   68   72   76   80   85   88   90   90   89   86   82   78   73   69   66   63
   61   58   55   51   46   39   31   23   15    7    1    0    0    0    0    0
    1    5   10   14   18   22   25   28   30   32   34   35   36   37   39   41
   44   47   49   51   53   55   56   56   57
    67.5-180.0 180.0   5.0 450.0                            LAT/LON1/LON2/DLON/H
   65   65   65   65   65   64   64   65   65   65   64   64   63   63   63   64
   67   71   76   81   86   90   92   92   90   87   82   77   72   68   65   62
   60   59   56   53   47   41   33   24   16    8    2    0    0    0    0    0
    2    5    8   11   14   17   20   22   24   26   28   29   32   34   38   42
   46   50   54   58   61   63   64   65   65
    65.0-180.0 180.0   5.0 450.0                            LAT/LON1/LON2/DLON/H
   74   74   73   72   71   69   68   67   67   66   65   64   63   63   63   64
   67   71   76   81   86   90   92   92   90   86   81   75   70   66   62   60
   59   57   55   52   47   41   33   25   17   11    6    3    3    3    5    6
    8    9   10   11   12   14   15   17   19   21   23   25   28   32   37   42
   48   54   60   64   68   71   73   74   74
    62.5-180.0 180.0   5.0 450.0                            LAT/LON1/LON2/DLON/H
   81   82   81   80   77   75   72   70   69   67   66   65   65   64   64   66
   69   72   77   82   86   89   90   90   87   83   78   73   68   64   61   58
   57   55   53   50   45   40   33   27   21   16   14   13   14   15   17   17
   17   16   14   13   12   12   13   14   16   18   20   23   27   31   37   43
   50   57   63   68   72   75   78   80   81
    60.0-180.0 180.0   5.0 450.0                            LAT/LON1/LON2/DLON/H
   85   87   88   87   84   81   77   74   71   70   68   67   66   66   67   69
   72   75   79   83   85   87   87   86   84   80   76   71   67   64   61   58
   56   54   51   47   43   38   33   29   26   25   25   26   29   31   32   31
   28   25   20   17   14   13   13   14   16   18   20   23   27   32   38   44
   51   58   64   69   72   76   79   82   85
    57.5-180.0 180.0   5.0 450.0                            LAT/LON1/LON2/DLON/H
   86   91   93   93   91   88   83   79   76   73   71   70   69   69   70   72
   75   78   81   83   85   85   84   83   80   78   75   72   69   66   63   60
   57   53   50   46   42   38   36   34   34   36   38   42   45   47   47   44
   39   33   27   21   17   15   15   16   18   20   23   25   29   33   39   45
   51   57   62   65   69   72   76   81   86
    55.0-180.0 180.0   5.0 450.0                            LAT/LON1/LON2/DLON/H
   84   92   98  100   99   96   92   87   83   79   76   74   72   72   74   76
   79   81   83   84   84   83   81   80   78   77   76   75   73   71   69   65
   60   55   50   46   43   41   40   42   45   49   54   58   61   62   60   56
   49   41   33   27   22   20   20   21   23   25   27   29   32   36   41   46
   51   55   58   60   62   65   69   76   84
    52.5-180.0 180.0   5.0 450.0                            LAT/LON1/LON2/DLON/H
   81   92  101  106  108  106  102   98   93   88   84   80   77   76   77   79
   81   84   85   85   84   82   80   79   78   78   79   79   79   78   75   71
   65   59   54   49   47   47   49   53   58   64   70   74   75   74   70   64
   56   47   39   32   28   27   27   28   29   31   32   34   36   39   43   46
   50   52   53   54   54   57   62   70   81
    50.0-180.0 180.0   5.0 450.0                            LAT/LON1/LON2/DLON/H
   78   92  104  112  116  116  114  111  106  101   95   89   84   81   80   82
   84   86   87   86   85   84   82   81   81   82   83   84   85   85   82   77
   70   64   59   55   54   56   60   66   72   79   84   87   86   83   77   68
   60   51   43   38   35   34   35   35   36   37   37   39   41   43   45   47
   49   50   50   49   48   50   55   65   78
    47.5-180.0 180.0   5.0 450.0                            LAT/LON1/LON2/DLON/H
   77   92  106  116  122  126  127  125  122  116  109  100   93   87   85   85
   87   88   89   89   89   88   87   86   86   87   88   89   91   90   87   82
   75   69   65   63   64   67   73   79   86   92   96   96   93   87   79   70
   61   54   48   44   42   42   42   42   42   42   42   43   45   46   47   48
   49   49   48   46   45   46   52   62   77
    45.0-180.0 180.0   5.0 450.0                            LAT/LON1/LON2/DLON/H
   77   92  106  118  126  133  137  139  138  133  124  114  105   97   92   91
   91   92   93   94   95   95   94   94   93   92   92   93   94   93   90   85
   79   74   72   73   75   80   85   91   98  102  104  102   97   89   79   70
   63   56   52   50   49   49   48   48   46   46   46   47   48   49   50   49
   49   49   48   46   45   47   52   63   77
    42.5-180.0 180.0   5.0 450.0                            LAT/LON1/LON2/DLON/H
   79   93  106  117  126  135  143  149  151  147  140  129  118  109  103   99
   98   99  100  101  103  103  103  102  100   97   96   95   95   95   92   87
   82   79   80   83   87   91   96  100  105  108  108  104   97   88   79   70
   64   59   56   55   54   53   52   50   49   47   48   49   51   52   52   50
   50   50   50   49   49   51   57   66   79
    40.0-180.0 180.0   5.0 450.0                            LAT/LON1/LON2/DLON/H
   83   95  105  114  123  133  144  154  159  158  152  143  133  124  116  111
  109  108  109  110  112  112  112  110  106  101   98   97   97   96   94   90
   87   86   89   94   99  102  103  105  107  109  108  103   96   87   78   71
   66   63   60   58   57   55   53   51   49   48   49   51   53   54   53   51
   50   51   53   54   56   58   64   72   83
    37.5-180.0 180.0   5.0 450.0                            LAT/LON1/LON2/DLON/H
   89   97  104  110  117  127  140  152  160  163  160  154  146  139  131  125
  121  120  119  120  120  120  118  114  109  104  100   99  100  101  100   97
   95   97  101  107  110  110  107  105  104  104  103   99   93   85   78   73
   69   66   63   60   57   54   52   49   47   47   49   52   55   55   54   52
   51   53   56   60   63   67   72   80   89
    35.0-180.0 180.0   5.0 450.0                            LAT/LON1/LON2/DLON/H
   95  101  104  106  110  119  132  145  156  162  163  161  157  152  146  140
  135  132  130  129  127  124  120  116  111  106  104  105  108  111  112  110
  109  111  116  121  122  116  108  102   98   97   96   94   89   83   78   74
   71   68   64   60   55   51   48   46   45   46   48   52   55   56   54   52
   52   55   60   66   70   75   81   88   95
    32.5-180.0 180.0   5.0 450.0                            LAT/LON1/LON2/DLON/H
  102  105  106  104  106  112  123  136  148  156  161  164  165  163  159  153
  147  143  139  136  131  125  119  114  111  109  110  115  122  128  130  128
  127  129  134  137  133  122  107   96   90   88   88   88   85   82   78   75
   72   69   64   58   52   47   44   43   43   44   48   52   55   56   55   53
   54   59   65   72   77   82   88   95  102
    30.0-180.0 180.0   5.0 450.0                            LAT/LON1/LON2/DLON/H
  108  112  110  107  105  108  116  127  139  149  158  165  170  171  169  164
  157  152  146  140  131  122  115  111  111  114  121  130  141  150  153  152
  150  151  154  153  144  126  105   90   81   80   81   81   81   79   76   74
   71   68   62   55   48   43   41   41   42   44   47   51   54   56   55   55
   57   63   70   77   83   89   95  102  108
    27.5-180.0 180.0   5.0 450.0                            LAT/LON1/LON2/DLON/H
  114  118  117  113  110  110  115  123  133  144  155  165  173  177  176  171
  165  158  151  142  131  118  110  109  114  123  135  149  164  175  179  176
  173  172  173  168  153  129  104   84   75   73   75   76   77   76   74   71
   68   65   59   52   45   41   40   40   42   43   46   49   53   55   56   57
   61   67   76   83   89   94  100  107  114
    25.0-180.0 180.0   5.0 450.0                            LAT/LON1/LON2/DLON/H
  119  125  126  123  119  117  120  126  135  145  157  168  178  183  183  178
  171  164  156  145  131  116  109  111  121  136  153  171  187  199  202  199
  193  190  189  181  161  132  103   82   72   70   72   74   74   73   70   67
   64   61   56   50   44   41   40   41   42   43   44   47   50   53   56   59
   64   72   81   89   95   99  104  112  119
    22.5-180.0 180.0   5.0 450.0                            LAT/LON1/LON2/DLON/H
  123  131  135  135  132  130  131  136  144  154  166  177  186  191  190  186
  179  172  163  151  135  120  113  119  134  154  173  192  208  219  221  215
  207  203  199  188  166  134  103   82   73   71   72   73   73   71   67   63
   60   57   54   50   45   43   43   43   43   43   43   44   48   51   55   60
   67   76   86   95  101  104  108  115  123
    20.0-180.0 180.0   5.0 450.0                            LAT/LON1/LON2/DLON/H
  126  135  143  147  147  147  148  152  160  171  182  193  200  204  202  198
  191  184  176  163  146  131  126  134  153  174  194  210  224  232  231  223
  213  207  202  191  167  135  105   86   78   77   77   76   74   71   66   60
   56   54   53   51   48   47   46   46   45   42   41   41   45   49   54   59
   67   77   88   98  105  109  112  117  126
    17.5-180.0 180.0   5.0 450.0                            LAT/LON1/LON2/DLON/H
  127  138  149  157  162  164  167  173  182  193  205  214  219  221  220  216
  210  204  196  183  167  153  148  158  177  196  212  224  233  238  234  223
  210  203  199  189  167  136  109   92   87   86   85   82   78   73   67   60
   55   54   54   53   52   51   50   48   45   42   39   39   42   46   51   56
   64   74   87   99  108  112  115  119  127
    15.0-180.0 180.0   5.0 450.0                            LAT/LON1/LON2/DLON/H
  127  139  153  165  174  180  185  193  205  217  229  237  242  243  243  240
  236  231  223  212  196  183  179  188  203  218  227  233  237  238  231  216
  202  194  192  184  165  138  114  102   99   98   95   90   84   78   71   62
   57   55   55   56   56   55   53   50   46   41   38   37   40   43   46   51
   57   67   82   97  109  115  117  120  127
    12.5-180.0 180.0   5.0 450.0                            LAT/LON1/LON2/DLON/H
  127  139  155  171  184  193  201  211  225  239  251  260  264  267  268  268
  267  263  256  246  232  220  216  221  231  238  239  238  237  234  224  207
  190  183  183  179  164  142  122  113  112  110  105   98   92   85   76   67
   60   57   57   59   59   57   55   51   46   41   38   37   38   40   41   44
   48   58   73   91  106  115  119  121  127
    10.0-180.0 180.0   5.0 450.0                            LAT/LON1/LON2/DLON/H
  128  140  158  176  191  203  214  225  240  256  269  277  283  287  292  296
  297  295  291  282  271  259  253  254  256  254  247  240  236  231  218  198
  180  173  175  175  165  148  132  126  124  122  115  106   98   91   82   72
   63   60   59   60   60   59   56   51   46   42   39   38   38   38   37   37
   39   47   62   83  102  114  120  122  128
     7.5-180.0 180.0   5.0 450.0                            LAT/LON1/LON2/DLON/H
  130  143  161  181  198  212  223  235  250  266  279  288  294  301  310  317
  322  323  320  315  306  296  289  284  278  267  253  241  235  230  216  193
  173  165  170  174  169  155  142  137  135  130  121  111  103   95   87   76
   67   62   61   61   61   59   56   51   47   43   42   40   39   36   33   31
   32   38   53   74   96  112  120  124  130
     5.0-180.0 180.0   5.0 450.0                            LAT/LON1/LON2/DLON/H
  134  147  166  186  205  220  231  243  256  270  283  292  299  307  318  329
  337  341  341  338  333  326  318  309  296  277  257  243  237  231  216  192
  169  161  167  175  173  163  151  145  142  134  123  111  103   96   88   77
   68   63   61   61   60   58   56   52   48   46   45   43   40   36   32   29
   28   33   46   67   90  109  120  126  134
     2.5-180.0 180.0   5.0 450.0                            LAT/LON1/LON2/DLON/H
  137  152  171  193  212  228  239  249  260  272  283  290  297  305  316  328
  339  345  349  351  350  346  338  327  309  286  262  246  240  234  218  192
  169  160  167  177  177  168  157  149  143  133  119  107   98   92   85   76
   68   63   61   61   59   58   55   52   50   48   47   45   42   37   33   31
   30   33   44   64   86  106  119  128  137
