path_delay/I2017-03-26
     1.0            IONOSPHERE MAPS     GNSS                IONEX VERSION / TYPE
ADDNEQ2 V5.3        AIUB                30-MAR-17 20:28     PGM / RUN BY / DATE 
CODE'S GLOBAL IONOSPHERE MAPS FOR DAY 085, 2017             COMMENT             
Global ionosphere maps (GIM) are generated on a daily basis DESCRIPTION         
at CODE using data from about 300 GNSS sites of the IGS and DESCRIPTION         
other institutions. The vertical total electron content     DESCRIPTION         
(VTEC) is modeled in a solar-geomagnetic reference frame    DESCRIPTION         
using a spherical harmonics expansion up to degree and      DESCRIPTION         
order 15. Piece-wise linear functions are used for          DESCRIPTION         
representation in the time domain. The time spacing of      DESCRIPTION         
their vertices is 1 hour, conforming with the epochs of the DESCRIPTION         
VTEC maps.                                                  DESCRIPTION         
To convert line-of-sight TEC into vertical TEC, a modified  DESCRIPTION         
single-layer model mapping function approximating the JPL   DESCRIPTION         
extended slab model mapping function is adopted. The        DESCRIPTION         
mapping function is evaluated at geodetic satellite         DESCRIPTION         
elevation angles. For the computation of the ionospheric    DESCRIPTION         
pierce points, a spherical layer with a radius of 6821 km   DESCRIPTION         
is assumed, implying geocentric, not geodetic IONEX         DESCRIPTION         
latitudes.                                                  DESCRIPTION         
Instrumental biases with respect to each involved GNSS code DESCRIPTION         
observable are estimated as constant values for each        DESCRIPTION         
day. They are modeled with one set of bias parameters for   DESCRIPTION         
each satellite and each station in case of GPS and for each DESCRIPTION         
satellite-station link in case of GLONASS. The code bias    DESCRIPTION         
datum is defined by zero-mean conditions imposed on the     DESCRIPTION         
satellite bias estimates. In this file, just GPS C1W-C2W    DESCRIPTION         
satellite and station bias values are included. The         DESCRIPTION         
complete set of GNSS code bias results is provided in an    DESCRIPTION         
additional Bias-SINEX file as pseudo-absolute values        DESCRIPTION         
specific to each observable.                                DESCRIPTION         
Note: These GIM results correspond to the results for the   DESCRIPTION         
middle day of a 3-day combination analysis solving for 73   DESCRIPTION         
times 256, or 18688 VTEC parameters and 3 daily sets of     DESCRIPTION         
GNSS code bias parameters.                                  DESCRIPTION         
Contact address: code(at)aiub.unibe.ch                      DESCRIPTION         
Data archive:    ftp.unibe.ch/aiub/CODE/                    DESCRIPTION         
                 www.aiub.unibe.ch/download/CODE/           DESCRIPTION         
  2017     3    26     0     0     0                        EPOCH OF FIRST MAP  
  2017     3    27     0     0     0                        EPOCH OF LAST MAP   
  3600                                                      INTERVAL            
[...]
flin flrs frdn ftna func ganp glps glsv gmsd gode godz gol2 COMMENT             
gold gope gras graz guam guat guug harb hers hert hlfx hnlc COMMENT             
hnpt hob2 hofn holb hrao hyde iddr ieng iisc ineg invk iqal COMMENT             
irkj isba ispa jog2 joz2 joze karr kat1 kely kerg khar kir0 COMMENT             
kiri kiru kit3 kokb kokv koug kour krgg lama laut lhaz lmmf COMMENT             
lpal lpgs m0se mac1 madr maju mal2 mana mas1 mat1 mate maui COMMENT             
maw1 mcil mcm4 mdo1 mdvj medi mets mgue mizu mkea mnls mobj COMMENT             
mobk mobs monp morp mqzg mro1 mtka nain nano naur nico nist COMMENT             
nium nklg nlib nnor not1 novm nrc1 nrmd nya1 nyal ohi2 ohi3 COMMENT             
onsa opmt ous2 pado palv parc park pbri pdel penc pert pfa2 COMMENT             
pie1 pimo pol2 polv pots pove prds ptag ptbb qaq1 quin rabt COMMENT             
ramo rbay recf reun reyk rgdg rio2 riop roth salu samo sant COMMENT             
savo sch2 scor scrz sctb scub seyg sfer sofi spt0 sthl stjo COMMENT             
stk2 str2 suth sutm sutv suwn sydn syog tabl tabv tash thtg COMMENT             
thti thu2 thu3 tid1 tidb tixg tixi tlse tn22 tnml tong tow2 COMMENT             
tro1 tsea tskb tuva twtf txes uclu ufpr ulab unbj unsa untr COMMENT             
urum urus usn7 usud vaco vald vill voim vtsp wab1 wab2 wark COMMENT             
wgtn whit will wind wsrt wtza wtzr wtzs wtzz yakt yar2 yar3 COMMENT             
yarr ycba yell ykro yssk zamb zeck zim2 zim3 zimj zimm      COMMENT             
                                                            END OF HEADER       
[from data line 3861]
    10                                                      START OF TEC MAP    
  2017     3    26     9     0     0                        EPOCH OF CURRENT MAP
    87.5-180.0 180.0   5.0 450.0                            LAT/LON1/LON2/DLON/H
   61   61   61   61   61   61   60   60   60   60   60   60   60   60   60   60
   60   60   60   60   60   60   60   61   61   61   61   61   61   61   61   61
   62   62   62   62   62   62   62   62   62   62   62   62   62   62   62   62
   62   62   62   62   62   62   62   62   62   62   62   62   62   62   62   62
   62   62   62   62   62   62   61   61   61
    85.0-180.0 180.0   5.0 450.0                            LAT/LON1/LON2/DLON/H
   58   58   57   57   57   56   56   55   55   54   54   54   54   53   53   53
   53   53   54   54   54   55   56   56   57   57   58   58   59   59   60   60
   60   60   60   60   60   60   60   60   60   59   59   59   59   59   60   60
   60   60   60   61   61   61   61   61   62   62   62   62   62   62   61   61
   61   61   60   60   60   59   59   59   58
    82.5-180.0 180.0   5.0 450.0                            LAT/LON1/LON2/DLON/H
   53   53   52   51   50   50   49   48   47   46   45   45   44   43   43   43
   43   43   44   45   46   47   48   49   51   52   53   55   56   57   57   58
   58   58   59   58   58   58   58   58   57   57   57   58   58   58   59   59
   60   60   61   62   62   63   63   63   63   63   63   63   63   62   62   61
   60   59   58   57   57   56   55   54   53
    80.0-180.0 180.0   5.0 450.0                            LAT/LON1/LON2/DLON/H
   47   46   45   44   43   42   41   40   38   37   35   34   33   32   31   31
   31   32   33   34   36   38   40   42   44   46   48   50   52   53   55   56
   56   57   57   57   57   57   56   56   56   56   57   57   58   59   60   61
   63   64   65   66   67   68   68   68   68   68   68   67   66   65   64   62
   60   59   57   55   53   51   50   48   47
    77.5-180.0 180.0   5.0 450.0                            LAT/LON1/LON2/DLON/H
   40   39   38   37   35   34   33   32   30   28   26   24   23   21   21   20
   20   21   23   25   27   29   32   35   38   41   43   46   48   50   52   53
   54   55   55   56   56   56   56   56   57   57   58   60   61   63   65   67
   69   71   73   74   76   76   77   77   77   76   75   74   72   70   68   66
   63   60   56   53   50   47   45   42   40
    75.0-180.0 180.0   5.0 450.0                            LAT/LON1/LON2/DLON/H
   35   33   31   30   29   28   27   26   24   22   19   17   15   14   13   13
   13   14   16   18   21   24   27   30   33   36   39   42   44   47   49   50
   52   53   54   55   56   56   57   57   58   60   62   64   67   69   73   76
   78   81   83   85   86   86   86   86   86   85   83   82   80   77   74   71
   67   63   58   53   49   44   40   37   35
    72.5-180.0 180.0   5.0 450.0                            LAT/LON1/LON2/DLON/H
   31   28   27   26   25   24   23   22   20   18   16   13   11   10    9    9
   10   12   14   16   19   22   25   28   31   33   36   38   41   43   46   48
   50   52   53   55   56   57   58   60   61   63   66   69   73   77   81   84
   88   90   93   94   95   95   94   94   93   92   90   89   87   84   81   77
   73   68   62   56   50   44   39   34   31
    70.0-180.0 180.0   5.0 450.0                            LAT/LON1/LON2/DLON/H
   29   26   24   23   23   22   22   20   19   17   15   12   11   10    9   10
   11   13   15   18   21   23   25   28   29   31   33   35   38   40   43   46
   48   51   53   55   57   59   60   62   64   67   70   74   78   83   87   91
   95   97   99   99   99   99   98   97   96   95   94   93   91   89   87   83
   79   74   68   61   53   46   39   34   29
    67.5-180.0 180.0   5.0 450.0                            LAT/LON1/LON2/DLON/H
   31   27   25   23   23   22   22   20   19   17   15   13   12   11   12   13
   15   17   19   21   23   25   26   27   28   30   31   33   35   38   41   44
   47   50   53   56   58   60   62   64   67   70   73   77   82   87   91   95
   97   99  100  100   99   98   96   95   94   93   93   92   92   91   89   87
   84   79   73   66   59   51   43   36   31
    65.0-180.0 180.0   5.0 450.0                            LAT/LON1/LON2/DLON/H
   35   30   27   26   25   24   22   21   19   17   16   14   14   14   15   16
   18   20   22   24   25   26   26   26   27   27   29   31   34   37   40   44
   48   51   54   57   60   62   64   66   68   71   75   79   83   88   91   94
   96   97   97   95   94   92   90   89   88   88   88   88   88   88   88   87
   86   82   78   72   64   56   48   41   35
    62.5-180.0 180.0   5.0 450.0                            LAT/LON1/LON2/DLON/H
   40   35   32   30   28   26   24   21   19   17   16   15   15   16   17   19
   20   22   23   24   24   24   24   23   24   25   27   29   33   37   42   46
   50   53   56   59   61   63   65   67   69   72   75   79   83   87   90   92
   93   92   91   88   86   84   83   82   81   81   82   82   83   83   84   84
   84   83   80   76   69   62   54   46   40
    60.0-180.0 180.0   5.0 450.0                            LAT/LON1/LON2/DLON/H
   46   41   38   35   32   29   26   22   19   17   15   15   16   17   18   20
   21   21   21   21   20   19   19   19   20   22   25   29   34   40   45   50
   54   57   60   62   64   65   67   68   70   72   75   79   83   86   88   90
   89   88   85   83   80   78   77   77   77   77   77   77   77   77   78   78
   80   80   80   77   73   66   59   52   46
    57.5-180.0 180.0   5.0 450.0                            LAT/LON1/LON2/DLON/H
   51   47   44   41   38   34   29   24   20   17   16   15   16   17   18   19
   19   18   17   16   15   14   14   15   17   20   24   30   37   43   50   55
   59   61   64   65   67   68   69   70   72   74   78   81   85   88   90   90
   89   87   84   81   79   78   77   78   78   78   78   76   75   73   72   72
   74   76   77   76   74   69   63   57   51
    55.0-180.0 180.0   5.0 450.0                            LAT/LON1/LON2/DLON/H
   56   53   50   48   44   39   34   28   23   19   18   17   17   18   19   19
   18   16   14   12   10   10   11   12   15   19   25   32   40   48   54   60
   64   66   68   69   70   72   73   74   76   79   83   86   90   93   95   95
   93   91   88   86   84   83   83   84   85   85   83   80   76   72   69   68
   69   71   73   74   73   70   65   60   56
    52.5-180.0 180.0   5.0 450.0                            LAT/LON1/LON2/DLON/H
   59   57   56   55   52   47   40   34   28   24   22   21   21   21   20   19
   18   15   12   10    9    9   11   13   17   22   28   35   43   52   59   64
   68   70   72   73   75   77   79   81   84   87   91   95  100  103  104  104
  102  100   97   95   93   93   93   95   95   95   93   89   83   76   71   68
   67   69   71   72   72   70   66   62   59
    50.0-180.0 180.0   5.0 450.0                            LAT/LON1/LON2/DLON/H
   61   61   62   62   60   55   48   41   36   32   29   28   27   26   25   23
   21   18   15   13   13   14   16   19   22   26   32   39   47   54   61   67
   71   74   76   78   81   84   87   90   94   98  102  107  112  115  116  115
  114  111  108  106  104  104  104  105  106  106  104   99   92   84   76   71
   69   69   71   72   71   69   65   62   61
    47.5-180.0 180.0   5.0 450.0                            LAT/LON1/LON2/DLON/H
   62   63   66   68   67   62   56   50   44   41   39   37   35   33   31   29
   27   24   22   21   21   23   25   28   30   33   37   42   49   56   63   68
   73   76   79   83   87   92   97  101  106  111  116  120  125  127  128  127
  125  122  119  116  114  112  112  113  114  114  112  108  101   93   85   79
   76   74   74   74   72   69   65   62   62
    45.0-180.0 180.0   5.0 450.0                            LAT/LON1/LON2/DLON/H
   62   65   69   72   72   69   63   57   53   51   49   47   45   42   40   38
   36   34   33   32   33   35   37   39   39   40   42   45   50   56   62   68
   73   78   83   88   94  101  108  114  119  124  129  133  136  138  138  137
  134  131  128  124  120  117  115  114  115  115  115  112  108  101   95   89
   85   82   80   78   74   70   65   63   62
    42.5-180.0 180.0   5.0 450.0                            LAT/LON1/LON2/DLON/H
   62   65   70   74   74   72   67   62   59   59   58   57   54   51   49   48
   46   45   45   45   46   48   50   50   48   47   46   48   52   56   62   68
   73   80   86   93  101  110  119  126  132  137  141  144  146  147  146  145
  142  139  134  129  123  117  113  111  111  112  112  112  110  107  103   99
   96   92   88   83   78   72   66   63   62
    40.0-180.0 180.0   5.0 450.0                            LAT/LON1/LON2/DLON/H
   62   64   68   72   73   71   67   63   62   63   65   64   63   60   59   58
   57   56   56   57   58   60   60   59   55   52   50   51   54   58   62   68
   75   82   90   99  108  119  129  137  144  148  150  152  153  154  153  152
  150  146  141  134  126  118  111  107  105  105  107  108  109  110  109  108
  106  102   97   89   82   74   67   63   62
    37.5-180.0 180.0   5.0 450.0                            LAT/LON1/LON2/DLON/H
   60   61   64   68   69   67   63   61   61   64   68   70   69   68   67   67
   66   66   65   65   67   68   67   64   59   55   53   53   56   61   65   71
   78   86   94  104  114  126  137  146  153  156  158  159  160  161  162  162
  161  159  154  146  136  125  116  109  105  103  103  105  107  110  113  115
  115  112  105   96   86   76   69   63   60
    35.0-180.0 180.0   5.0 450.0                            LAT/LON1/LON2/DLON/H
   58   57   59   61   62   60   57   56   57   62   68   72   74   75   75   75
   74   73   71   71   71   71   70   66   60   56   54   57   61   66   70   76
   83   91  100  109  119  131  143  153  159  162  164  166  168  172  176  179
  181  181  176  168  157  145  133  123  115  110  107  106  108  112  117  121
  123  120  113  101   90   79   70   63   58
    32.5-180.0 180.0   5.0 450.0                            LAT/LON1/LON2/DLON/H
   56   53   52   54   54   53   50   49   52   58   66   72   77   80   81   81
   80   77   74   73   72   72   69   65   59   55   56   60   66   72   77   83
   89   97  105  113  123  135  147  158  164  168  170  175  181  189  197  205
  211  214  211  203  192  179  166  153  141  130  122  117  115  117  122  127
  131  129  120  108   94   81   71   63   56
    30.0-180.0 180.0   5.0 450.0                            LAT/LON1/LON2/DLON/H
   55   49   47   48   48   47   45   44   47   54   63   71   79   84   86   86
   83   79   75   72   71   70   68   63   57   54   56   63   71   79   85   90
   97  104  111  118  127  138  151  162  169  174  179  187  199  213  227  241
  252  257  257  250  239  227  213  198  182  165  151  139  132  129  131  136
  140  139  130  115   99   85   73   63   55
    27.5-180.0 180.0   5.0 450.0                            LAT/LON1/LON2/DLON/H
   56   48   44   44   45   45   43   43   45   51   59   69   78   85   89   88
   84   79   73   70   69   68   66   62   56   53   56   65   75   85   91   97
  104  111  117  123  131  142  155  167  175  182  191  204  222  243  263  282
  297  306  307  302  293  282  269  252  233  212  191  173  158  149  146  149
  153  152  142  126  108   91   78   66   56
    25.0-180.0 180.0   5.0 450.0                            LAT/LON1/LON2/DLON/H
   60   51   45   44   45   46   45   44   45   49   57   66   76   84   88   88
   83   77   71   68   67   67   65   61   56   53   56   65   77   88   96  103
  110  117  124  130  138  149  162  174  184  193  206  225  249  275  300  322
  340  351  354  351  344  335  323  307  286  262  237  213  192  176  167  167
  170  169  159  141  120  101   86   72   60
    22.5-180.0 180.0   5.0 450.0                            LAT/LON1/LON2/DLON/H
   69   58   51   49   50   51   51   50   49   50   55   63   73   81   85   84
   79   73   68   65   65   65   65   62   56   52   54   63   76   88   98  106
  115  124  132  139  147  158  171  184  195  207  224  248  276  305  332  354
  372  384  388  386  382  375  366  352  332  309  283  256  230  207  193  189
  190  189  178  159  135  114   97   83   69
    20.0-180.0 180.0   5.0 450.0                            LAT/LON1/LON2/DLON/H
   83   70   61   57   58   59   59   57   54   53   54   60   67   75   78   77
   73   69   65   62   62   64   64   62   56   51   51   59   72   86   98  108
  119  131  141  150  159  171  185  198  211  225  244  270  300  328  353  373
  389  399  403  402  399  396  390  380  364  344  321  295  266  239  220  212
  211  210  199  179  154  131  113   97   83
    17.5-180.0 180.0   5.0 450.0                            LAT/LON1/LON2/DLON/H
  100   86   76   70   68   68   67   65   61   57   55   56   61   67   70   69
   66   63   61   59   60   61   63   61   56   49   48   54   68   83   96  109
  124  138  152  164  174  187  201  215  229  244  264  290  317  341  360  375
  386  394  397  397  396  396  394  389  379  366  348  325  297  267  244  233
  231  229  219  198  173  149  131  115  100
    15.0-180.0 180.0   5.0 450.0                            LAT/LON1/LON2/DLON/H
  121  106   94   85   80   78   76   73   67   61   56   55   57   59   61   60
   59   58   57   56   56   57   60   59   54   47   44   50   63   80   96  111
  128  146  164  178  191  204  219  234  248  263  283  305  327  344  355  363
  369  374  376  377  377  379  381  382  379  373  362  345  319  289  264  250
  246  243  233  214  189  167  150  135  121
    12.5-180.0 180.0   5.0 450.0                            LAT/LON1/LON2/DLON/H
  142  128  113  102   93   88   84   80   74   67   60   56   55   55   54   53
   53   53   54   53   52   53   55   55   51   44   41   47   61   78   96  114
  133  154  175  192  206  221  236  251  266  281  298  317  331  340  342  342
  343  346  348  350  352  356  362  367  371  371  367  355  332  303  277  260
  254  251  241  223  201  181  167  155  142
    10.0-180.0 180.0   5.0 450.0                            LAT/LON1/LON2/DLON/H
  162  149  134  119  107   98   92   88   82   75   67   61   57   54   52   50
   50   51   52   51   48   47   49   50   47   42   39   46   60   79   98  117
  138  161  184  203  219  234  250  266  281  296  310  323  331  331  326  321
  320  322  326  329  332  338  345  354  362  367  367  357  336  308  281  263
  255  250  240  224  206  190  180  172  162
     7.5-180.0 180.0   5.0 450.0                            LAT/LON1/LON2/DLON/H
  177  167  152  137  123  111  103   97   92   85   78   71   65   60   55   52
   51   52   53   50   46   44   44   45   43   40   39   47   63   82  101  120
  141  166  189  209  225  241  258  275  292  306  318  326  328  323  314  307
  306  311  317  323  328  334  342  351  360  366  365  355  334  306  279  259
  248  241  232  218  204  194  188  184  177
     5.0-180.0 180.0   5.0 450.0                            LAT/LON1/LON2/DLON/H
  187  180  168  154  140  127  117  111  105   99   92   85   78   71   64   58
   56   55   55   52   46   42   41   41   41   39   41   50   66   85  103  121
  142  166  190  209  226  242  260  278  296  310  321  327  326  319  311  306
  308  317  328  336  343  348  354  361  367  370  365  350  326  297  270  249
  237  228  218  207  196  191  190  190  187
     2.5-180.0 180.0   5.0 450.0                            LAT/LON1/LON2/DLON/H
  190  187  179  169  158  146  136  128  122  115  109  102   94   86   76   68
   62   60   59   55   49   44   41   40   39   39   43   53   69   87  104  121
  141  163  185  204  220  236  255  275  294  309  319  324  323  319  315  316
  325  339  354  366  372  376  379  382  383  378  365  343  314  284  257  236
  222  211  201  191  184  183  185  189  190
