path_delay/I2017-03-16
     1.0            IONOSPHERE MAPS     GNSS                IONEX VERSION / TYPE
ADDNEQ2 V5.3        AIUB                20-MAR-17 23:39     PGM / RUN BY / DATE 
CODE'S GLOBAL IONOSPHERE MAPS FOR DAY 075, 2017             COMMENT             
Global ionosphere maps (GIM) are generated on a daily basis DESCRIPTION         
at CODE using data from about 300 GNSS sites of the IGS and DESCRIPTION         
other institutions. The vertical total electron content     DESCRIPTION         
(VTEC) is modeled in a solar-geomagnetic reference frame    DESCRIPTION         
using a spherical harmonics expansion up to degree and      DESCRIPTION         
order 15. Piece-wise linear functions are used for          DESCRIPTION         
representation in the time domain. The time spacing of      DESCRIPTION         
their vertices is 1 hour, conforming with the epochs of the DESCRIPTION         
VTEC maps.                                                  DESCRIPTION         
To convert line-of-sight TEC into vertical TEC, a modified  DESCRIPTION         
single-layer model mapping function approximating the JPL   DESCRIPTION         
extended slab model mapping function is adopted. The        DESCRIPTION         
mapping function is evaluated at geodetic satellite         DESCRIPTION         
elevation angles. For the computation of the ionospheric    DESCRIPTION         
pierce points, a spherical layer with a radius of 6821 km   DESCRIPTION         
is assumed, implying geocentric, not geodetic IONEX         DESCRIPTION         
latitudes.                                                  DESCRIPTION         
Instrumental biases with respect to each involved GNSS code DESCRIPTION         
observable are estimated as constant values for each        DESCRIPTION         
day. They are modeled with one set of bias parameters for   DESCRIPTION         
each satellite and each station in case of GPS and for each DESCRIPTION         
satellite-station link in case of GLONASS. The code bias    DESCRIPTION         
datum is defined by zero-mean conditions imposed on the     DESCRIPTION         
satellite bias estimates. In this file, just GPS C1W-C2W    DESCRIPTION         
satellite and station bias values are included. The         DESCRIPTION         
complete set of GNSS code bias results is provided in an    DESCRIPTION         
additional Bias-SINEX file as pseudo-absolute values        DESCRIPTION         
specific to each observable.                                DESCRIPTION         
Note: These GIM results correspond to the results for the   DESCRIPTION         
middle day of a 3-day combination analysis solving for 73   DESCRIPTION         
times 256, or 18688 VTEC parameters and 3 daily sets of     DESCRIPTION         
GNSS code bias parameters.                                  DESCRIPTION         
Contact address: code(at)aiub.unibe.ch                      DESCRIPTION         
Data archive:    ftp.unibe.ch/aiub/CODE/                    DESCRIPTION         
                 www.aiub.unibe.ch/download/CODE/           DESCRIPTION         
  2017     3    16     0     0     0                        EPOCH OF FIRST MAP  
  2017     3    17     0     0     0                        EPOCH OF LAST MAP   
  3600                                                      INTERVAL            
[...]
fair faiv flin flrs frdn ftna func ganp glps glsv gmsd gode COMMENT             
godz gol2 gold gope gras graz guam guat guug harb hers hert COMMENT             
hlfx hnlc hnpt hob2 hofn holb hrao hyde iddr ieng ineg invk COMMENT             
iqal irkj isba ispa jog2 joz2 joze karr kat1 kely kerg khar COMMENT             
kir0 kiri kiru kit3 kokb kokv kouc koug kour krgg lama laut COMMENT             
lhaz lmmf lpal lpgs m0se mac1 madr mag0 maju mal2 mana mas1 COMMENT             
mat1 mate maui maw1 mbar mcm4 mdvj medi mets mgue mizu mkea COMMENT             
mnls mobj mobk mobs monp morp mqzg mro1 mtka nain nano naur COMMENT             
nico nist nium nklg nlib nnor not1 novm nrc1 nrmd nya1 nyal COMMENT             
ohi2 ohi3 onsa opmt ous2 pado palv parc park pbri pdel penc COMMENT             
pert pfa2 pie1 pimo pol2 polv pots pove prds ptag ptbb qaq1 COMMENT             
quin rabt ramo recf reso reun reyk rgdg rio2 riop roth salu COMMENT             
samo sant savo sch2 scor scrz sctb scub seyg sfer sofi spt0 COMMENT             
sthl stjo stk2 str2 suth sutm sutv suwn sydn syog tabl tabv COMMENT             
tash thtg thti thu2 thu3 tid1 tidb tixg tixi tlse tn22 tnml COMMENT             
tong tow2 tro1 tsea tskb tuva twtf txes uclu ufpr ulab unbj COMMENT             
unsa urum urus usn7 usud vaco vald vill voim vtsp wab1 wab2 COMMENT             
wgtn whit will wind wsrt wtza wtzr wtzs wtzz xmis yakt yar2 COMMENT             
yar3 yarr ycba yell ykro yssk zamb zeck zim2 zim3 zimj zimm COMMENT             
                                                            END OF HEADER       
[from data line 6864]
    17                                                      START OF TEC MAP    
  2017     3    16    16     0     0                        EPOCH OF CURRENT MAP
    87.5-180.0 180.0   5.0 450.0                            LAT/LON1/LON2/DLON/H
   51   51   52   52   52   53   53   53   54   54   54   54   54   54   54   54
   54   54   53   53   53   52   52   51   51   50   50   49   49   48   47   47
   46   46   45   44   44   43   43   43   42   42   42   42   42   41   41   41
   42   42   42   42   42   43   43   43   44   44   45   45   45   46   46   47
   47   48   48   49   49   50   50   50   51
    85.0-180.0 180.0   5.0 450.0                            LAT/LON1/LON2/DLON/H
   52   53   53   54   55   56   56   57   58   58   59   59   59   60   60   60
   60   59   59   58   58   57   56   55   54   53   52   51   50   49   47   46
   45   44   43   42   41   40   39   38   38   37   37   36   36   36   36   36
   37   37   37   38   38   39   40   41   41   42   43   44   44   45   46   46
   47   47   48   49   49   50   51   51   52
    82.5-180.0 180.0   5.0 450.0                            LAT/LON1/LON2/DLON/H
   50   51   52   53   54   55   56   58   59   60   61   62   63   63   64   64
   64   63   63   62   61   60   59   58   57   56   54   53   51   50   48   47
   46   44   43   41   40   39   37   36   35   34   34   33   33   33   33   33
   33   34   35   35   36   37   38   39   40   41   42   43   44   44   45   46
   46   46   47   47   48   48   49   49   50
    80.0-180.0 180.0   5.0 450.0                            LAT/LON1/LON2/DLON/H
   45   46   47   48   50   51   53   55   57   59   60   62   63   64   65   65
   65   65   65   64   63   62   61   60   59   58   56   55   54   52   51   49
   48   46   44   43   41   40   38   37   35   34   33   32   32   31   31   31
   32   32   33   34   35   36   38   39   40   41   42   43   43   44   44   44
   44   44   44   44   44   44   44   45   45
    77.5-180.0 180.0   5.0 450.0                            LAT/LON1/LON2/DLON/H
   38   39   40   41   43   45   47   50   52   55   57   59   61   62   63   64
   64   64   64   64   63   63   62   61   60   59   58   57   56   55   54   52
   51   50   48   46   44   43   41   39   37   36   34   33   32   32   31   31
   31   32   32   33   34   35   37   38   39   40   41   41   42   42   42   42
   41   41   40   40   39   39   38   38   38
    75.0-180.0 180.0   5.0 450.0                            LAT/LON1/LON2/DLON/H
   31   31   32   33   35   37   40   43   46   49   52   54   56   58   60   61
   61   62   62   62   62   62   62   62   61   61   60   60   59   58   57   56
   55   54   52   50   48   46   44   42   40   38   37   35   34   33   32   31
   31   31   31   32   32   33   34   35   36   37   38   38   38   38   38   38
   37   36   35   34   33   32   32   31   31
    72.5-180.0 180.0   5.0 450.0                            LAT/LON1/LON2/DLON/H
   24   24   24   25   27   30   33   36   39   43   46   49   51   54   55   57
   58   59   60   60   61   62   62   63   63   63   63   63   62   62   61   60
   59   58   56   54   52   50   47   45   43   41   39   37   36   34   32   31
   30   29   29   29   29   30   30   31   32   32   33   33   33   33   33   32
   32   31   30   29   28   27   26   25   24
    70.0-180.0 180.0   5.0 450.0                            LAT/LON1/LON2/DLON/H
   19   19   19   20   22   24   27   30   34   38   41   44   47   49   52   53
   55   56   58   59   61   62   63   64   65   65   66   66   65   65   64   64
   62   61   59   57   54   52   49   47   45   43   41   39   37   35   32   30
   28   27   26   25   25   25   25   25   26   26   26   26   26   26   26   26
   26   25   25   24   24   23   21   20   19
    67.5-180.0 180.0   5.0 450.0                            LAT/LON1/LON2/DLON/H
   18   17   17   17   19   21   24   27   31   35   38   41   44   47   49   51
   53   55   57   59   62   64   66   67   68   68   68   68   68   67   67   66
   64   62   60   57   55   52   50   48   46   44   42   40   38   35   32   29
   26   24   22   20   19   19   19   19   19   20   20   20   20   20   20   20
   21   21   21   22   21   21   20   19   18
    65.0-180.0 180.0   5.0 450.0                            LAT/LON1/LON2/DLON/H
   19   18   18   18   19   21   24   27   31   34   37   41   44   47   49   52
   54   56   58   61   63   66   68   70   71   71   71   70   70   69   68   67
   65   63   60   57   54   51   49   47   46   45   44   42   39   36   32   28
   24   21   18   16   15   14   14   14   14   15   15   15   15   15   16   17
   18   19   20   21   22   22   21   20   19
    62.5-180.0 180.0   5.0 450.0                            LAT/LON1/LON2/DLON/H
   23   22   21   21   23   25   27   30   33   36   39   42   45   48   51   54
   56   58   61   63   66   69   71   73   73   73   73   72   71   70   69   68
   66   63   60   57   54   51   49   48   47   47   46   44   41   37   33   28
   24   20   17   15   13   12   12   12   12   13   13   14   14   14   15   16
   18   20   21   23   24   25   25   24   23
    60.0-180.0 180.0   5.0 450.0                            LAT/LON1/LON2/DLON/H
   28   27   27   27   28   30   33   35   37   40   42   45   48   51   54   57
   59   61   63   66   68   71   73   74   75   74   73   72   71   71   70   69
   67   65   62   58   55   53   52   51   51   51   50   48   44   40   35   30
   26   22   19   16   14   13   13   13   14   15   16   17   17   18   19   20
   22   24   26   28   29   30   30   30   28
    57.5-180.0 180.0   5.0 450.0                            LAT/LON1/LON2/DLON/H
   35   34   33   34   35   37   40   42   43   45   46   48   51   54   57   60
   63   65   66   68   70   72   74   75   75   74   73   73   72   72   72   72
   71   69   66   63   60   58   58   57   58   57   56   54   50   45   39   35
   30   27   24   21   20   19   18   19   20   21   23   24   25   25   26   28
   29   31   33   34   36   37   37   36   35
    55.0-180.0 180.0   5.0 450.0                            LAT/LON1/LON2/DLON/H
   42   41   40   41   43   45   48   50   51   51   51   52   53   56   60   63
   66   68   69   70   71   73   74   75   75   74   74   74   74   75   76   77
   76   75   73   71   69   68   68   68   68   68   66   62   57   51   46   41
   37   34   32   30   28   27   27   28   29   31   33   34   35   36   37   38
   39   40   41   43   44   44   44   43   42
    52.5-180.0 180.0   5.0 450.0                            LAT/LON1/LON2/DLON/H
   49   47   47   47   50   53   56   58   58   57   56   55   56   58   62   65
   68   70   71   72   73   74   75   75   75   75   75   77   78   81   83   84
   84   83   82   81   81   82   82   82   82   80   77   72   66   60   54   49
   46   44   42   41   39   37   37   38   40   41   43   45   46   47   48   49
   50   50   51   51   52   52   51   50   49
    50.0-180.0 180.0   5.0 450.0                            LAT/LON1/LON2/DLON/H
   54   53   52   53   56   60   64   66   66   64   61   59   58   59   63   67
   70   72   74   75   76   77   78   78   78   79   80   82   85   88   91   92
   92   92   93   94   95   97   98   99   97   95   90   84   76   69   63   58
   56   55   53   51   50   48   47   48   50   52   53   55   56   58   58   59
   60   60   60   60   59   59   58   56   54
    47.5-180.0 180.0   5.0 450.0                            LAT/LON1/LON2/DLON/H
   59   57   57   58   61   65   70   73   74   72   68   63   61   61   64   68
   72   75   77   79   81   82   83   84   84   85   87   90   94   97  100  101
  101  102  103  106  110  113  115  115  113  109  103   95   86   78   71   67
   65   64   63   61   59   57   56   57   58   60   61   62   64   65   66   67
   67   67   67   66   66   65   64   62   59
    45.0-180.0 180.0   5.0 450.0                            LAT/LON1/LON2/DLON/H
   63   61   60   61   64   69   75   79   81   79   75   70   66   65   67   71
   75   79   82   85   88   91   92   93   94   95   97  101  105  107  109  109
  109  110  113  118  123  128  130  130  127  122  115  106   96   87   80   75
   73   71   70   67   65   63   62   63   64   65   65   66   67   69   70   71
   72   72   72   71   70   70   68   66   63
    42.5-180.0 180.0   5.0 450.0                            LAT/LON1/LON2/DLON/H
   66   63   61   62   65   70   77   83   86   86   83   78   73   71   72   75
   80   84   89   93   97  101  103  105  105  106  109  112  115  117  117  116
  115  117  121  127  134  140  143  142  138  132  125  116  105   95   87   81
   78   76   73   70   67   66   65   66   66   66   66   67   68   69   70   72
   73   73   73   73   73   72   71   69   66
    40.0-180.0 180.0   5.0 450.0                            LAT/LON1/LON2/DLON/H
   67   64   61   61   63   69   76   83   90   93   91   87   83   80   79   82
   86   90   95  101  107  112  115  117  118  119  120  123  124  125  123  122
  121  122  128  135  144  150  152  151  147  141  133  124  113  103   93   86
   81   78   74   70   67   66   66   67   67   66   65   65   65   67   69   70
   71   72   73   73   73   73   72   70   67
    37.5-180.0 180.0   5.0 450.0                            LAT/LON1/LON2/DLON/H
   66   62   59   58   60   64   72   81   90   97   99   98   94   91   90   91
   93   97  102  108  115  121  126  128  129  129  130  131  131  130  128  127
  126  129  135  144  152  158  160  158  153  147  140  131  121  110   99   90
   84   78   73   68   65   64   65   66   66   64   62   61   62   64   66   68
   69   69   70   71   72   72   71   69   66
    35.0-180.0 180.0   5.0 450.0                            LAT/LON1/LON2/DLON/H
   63   59   56   54   55   58   65   76   88   99  106  107  106  103  101  101
  101  103  107  112  120  127  133  136  137  137  137  137  136  135  133  133
  134  138  145  154  162  167  168  164  158  152  146  138  128  117  105   95
   86   79   72   66   63   63   65   66   65   62   59   58   60   62   65   66
   67   67   67   68   69   69   68   66   63
    32.5-180.0 180.0   5.0 450.0                            LAT/LON1/LON2/DLON/H
   58   55   52   50   49   51   58   69   84   99  110  115  116  115  113  111
  109  108  110  115  122  130  136  140  141  141  141  140  139  139  139  142
  146  152  160  168  175  178  176  170  163  157  151  145  136  125  112  101
   91   82   74   67   64   64   66   66   64   60   57   56   59   62   65   67
   67   66   66   66   66   65   64   61   58
    30.0-180.0 180.0   5.0 450.0                            LAT/LON1/LON2/DLON/H
   53   50   47   45   44   45   51   62   79   96  111  120  124  125  123  120
  116  112  112  115  122  130  137  141  142  143  143  143  143  145  149  156
  164  172  180  186  190  191  186  179  170  163  158  152  144  134  121  110
   99   89   80   72   68   68   69   69   66   60   57   57   60   65   69   70
   70   68   66   65   63   62   60   56   53
    27.5-180.0 180.0   5.0 450.0                            LAT/LON1/LON2/DLON/H
   48   45   43   42   40   41   46   57   74   93  110  122  129  131  131  127
  122  116  113  115  121  129  136  140  143  144  146  147  150  156  164  176
  188  197  204  208  209  206  199  190  180  172  166  161  154  144  132  121
  110  100   90   82   78   76   77   75   70   63   59   59   64   71   76   77
   76   73   70   66   63   60   56   52   48
    25.0-180.0 180.0   5.0 450.0                            LAT/LON1/LON2/DLON/H
   44   42   40   40   39   39   44   55   71   90  108  121  130  134  135  132
  126  120  116  117  122  129  136  140  144  147  152  156  163  173  186  202
  217  227  231  232  229  223  214  203  191  182  176  171  165  156  145  135
  125  115  105   97   92   89   88   84   77   69   64   65   71   78   84   87
   85   82   76   71   65   59   54   49   44
    22.5-180.0 180.0   5.0 450.0                            LAT/LON1/LON2/DLON/H
   43   40   39   40   39   40   45   55   71   89  105  118  128  134  136  135
  131  125  122  123  127  134  139  144  149  155  163  172  183  197  214  233
  249  257  258  255  249  241  230  218  206  196  189  184  178  170  160  151
  142  133  124  116  109  105  102   96   88   79   73   74   80   88   95   98
   97   92   85   77   69   62   55   48   43
    20.0-180.0 180.0   5.0 450.0                            LAT/LON1/LON2/DLON/H
   44   41   40   41   42   43   48   59   73   89  104  115  125  132  136  137
  135  132  131  133  137  142  147  152  158  168  180  194  209  226  246  266
  280  285  283  275  266  257  246  234  222  212  204  199  193  185  177  168
  160  152  144  135  128  123  118  111  102   92   86   85   90   98  105  109
  109  104   96   86   76   67   58   50   44
    17.5-180.0 180.0   5.0 450.0                            LAT/LON1/LON2/DLON/H
   47   43   43   43   44   47   53   64   78   92  104  114  123  130  136  140
  141  142  144  147  152  156  159  165  173  187  203  221  239  259  280  297
  308  309  302  291  280  271  262  251  240  230  222  216  209  202  193  185
  177  170  162  154  147  140  134  127  118  108  101   98  102  108  115  119
  119  115  106   95   84   73   63   54   47
    15.0-180.0 180.0   5.0 450.0                            LAT/LON1/LON2/DLON/H
   52   47   45   45   46   49   57   69   83   95  105  114  122  130  138  143
  148  153  159  165  169  172  175  181  193  210  230  251  272  292  310  324
  330  326  315  301  291  283  275  267  258  249  241  234  227  218  209  200
  192  185  178  170  162  155  148  142  134  125  117  113  114  118  124  128
  128  123  114  103   91   80   69   59   52
    12.5-180.0 180.0   5.0 450.0                            LAT/LON1/LON2/DLON/H
   57   51   48   46   46   50   58   72   87   99  109  116  124  133  141  149
  156  165  174  182  187  189  192  200  215  236  259  282  302  320  335  345
  345  336  322  308  298  293  288  283  276  268  260  252  243  233  223  212
  203  195  188  180  173  165  159  153  147  140  132  127  125  127  131  134
  134  129  120  108   97   86   75   65   57
    10.0-180.0 180.0   5.0 450.0                            LAT/LON1/LON2/DLON/H
   61   54   49   46   45   48   58   73   89  102  112  121  129  138  147  156
  166  177  189  198  203  205  209  220  238  261  286  308  327  342  352  357
  353  341  326  313  306  302  300  297  292  285  276  266  256  244  232  220
  209  200  193  185  177  169  164  160  156  151  144  137  133  133  135  137
  136  131  121  110  100   90   80   70   61
     7.5-180.0 180.0   5.0 450.0                            LAT/LON1/LON2/DLON/H
   63   55   49   45   42   44   54   71   89  104  116  126  136  145  155  164
  175  188  201  210  215  218  225  239  260  285  310  329  344  355  361  362
  355  343  329  318  313  312  311  309  305  298  288  276  263  250  236  223
  211  200  192  183  175  167  162  160  158  155  149  143  138  136  137  137
  135  128  119  109  100   92   83   73   63
     5.0-180.0 180.0   5.0 450.0                            LAT/LON1/LON2/DLON/H
   64   55   49   43   38   40   50   67   87  104  118  130  142  154  163  173
  184  197  210  219  224  229  238  256  280  306  328  344  353  359  363  362
  354  343  332  325  322  322  321  318  313  305  293  279  263  248  234  220
  207  195  185  176  167  158  153  152  152  151  147  142  137  135  135  134
  130  123  113  105   98   91   83   73   64
     2.5-180.0 180.0   5.0 450.0                            LAT/LON1/LON2/DLON/H
   62   54   47   41   36   37   46   64   84  103  119  134  148  161  172  182
  192  205  217  226  231  238  251  272  298  323  342  352  356  358  359  357
  352  344  336  332  332  330  327  321  314  304  290  273  255  239  225  212
  199  186  175  164  153  144  138  137  138  139  137  134  131  130  130  129
  124  116  106   98   93   88   81   71   62
