path_delay/I2017-03-26
     1.0            IONOSPHERE MAPS     GNSS                IONEX VERSION / TYPE
ADDNEQ2 V5.3        AIUB                30-MAR-17 20:28     PGM / RUN BY / DATE 
CODE'S GLOBAL IONOSPHERE MAPS FOR DAY 085, 2017             COMMENT             
Global ionosphere maps (GIM) are generated on a daily basis DESCRIPTION         
at CODE using data from about 300 GNSS sites of the IGS and DESCRIPTION         
other institutions. The vertical total electron content     DESCRIPTION         
(VTEC) is modeled in a solar-geomagnetic reference frame    DESCRIPTION         
using a spherical harmonics expansion up to degree and      DESCRIPTION         
order 15. Piece-wise linear functions are used for          DESCRIPTION         
representation in the time domain. The time spacing of      DESCRIPTION         
their vertices is 1 hour, conforming with the epochs of the DESCRIPTION         
VTEC maps.                                                  DESCRIPTION         
To convert line-of-sight TEC into vertical TEC, a modified  DESCRIPTION         
single-layer model mapping function approximating the JPL   DESCRIPTION         
extended slab model mapping function is adopted. The        DESCRIPTION         
mapping function is evaluated at geodetic satellite         DESCRIPTION         
elevation angles. For the computation of the ionospheric    DESCRIPTION         
pierce points, a spherical layer with a radius of 6821 km   DESCRIPTION         
is assumed, implying geocentric, not geodetic IONEX         DESCRIPTION         
latitudes.                                                  DESCRIPTION         
Instrumental biases with respect to each involved GNSS code DESCRIPTION         
observable are estimated as constant values for each        DESCRIPTION         
day. They are modeled with one set of bias parameters for   DESCRIPTION         
each satellite and each station in case of GPS and for each DESCRIPTION         
satellite-station link in case of GLONASS. The code bias    DESCRIPTION         
datum is defined by zero-mean conditions imposed on the     DESCRIPTION         
satellite bias estimates. In this file, just GPS C1W-C2W    DESCRIPTION         
satellite and station bias values are included. The         DESCRIPTION         
complete set of GNSS code bias results is provided in an    DESCRIPTION         
additional Bias-SINEX file as pseudo-absolute values        DESCRIPTION         
specific to each observable.                                DESCRIPTION         
Note: These GIM results correspond to the results for the   DESCRIPTION         
middle day of a 3-day combination analysis solving for 73   DESCRIPTION         
times 256, or 18688 VTEC parameters and 3 daily sets of     DESCRIPTION         
GNSS code bias parameters.                                  DESCRIPTION         
Contact address: code(at)aiub.unibe.ch                      DESCRIPTION         
Data archive:    ftp.unibe.ch/aiub/CODE/                    DESCRIPTION         
                 www.aiub.unibe.ch/download/CODE/           DESCRIPTION         
  2017     3    26     0     0     0                        EPOCH OF FIRST MAP  
  2017     3    27     0     0     0                        EPOCH OF LAST MAP   
  3600                                                      INTERVAL            
[...]
flin flrs frdn ftna func ganp glps glsv gmsd gode godz gol2 COMMENT             
gold gope gras graz guam guat guug harb hers hert hlfx hnlc COMMENT             
hnpt hob2 hofn holb hrao hyde iddr ieng iisc ineg invk iqal COMMENT             
irkj isba ispa jog2 joz2 joze karr kat1 kely kerg khar kir0 COMMENT             
kiri kiru kit3 kokb kokv koug kour krgg lama laut lhaz lmmf COMMENT             
lpal lpgs m0se mac1 madr maju mal2 mana mas1 mat1 mate maui COMMENT             
maw1 mcil mcm4 mdo1 mdvj medi mets mgue mizu mkea mnls mobj COMMENT             
mobk mobs monp morp mqzg mro1 mtka nain nano naur nico nist COMMENT             
nium nklg nlib nnor not1 novm nrc1 nrmd nya1 nyal ohi2 ohi3 COMMENT             
onsa opmt ous2 pado palv parc park pbri pdel penc pert pfa2 COMMENT             
pie1 pimo pol2 polv pots pove prds ptag ptbb qaq1 quin rabt COMMENT             
ramo rbay recf reun reyk rgdg rio2 riop roth salu samo sant COMMENT             
savo sch2 scor scrz sctb scub seyg sfer sofi spt0 sthl stjo COMMENT             
stk2 str2 suth sutm sutv suwn sydn syog tabl tabv tash thtg COMMENT             
thti thu2 thu3 tid1 tidb tixg tixi tlse tn22 tnml tong tow2 COMMENT             
tro1 tsea tskb tuva twtf txes uclu ufpr ulab unbj unsa untr COMMENT             
urum urus usn7 usud vaco vald vill voim vtsp wab1 wab2 wark COMMENT             
wgtn whit will wind wsrt wtza wtzr wtzs wtzz yakt yar2 yar3 COMMENT             
yarr ycba yell ykro yssk zamb zeck zim2 zim3 zimj zimm      COMMENT             
                                                            END OF HEADER       
[from data line 7293]
    18                                                      START OF TEC MAP    
  2017     3    26    17     0     0                        EPOCH OF CURRENT MAP
    87.5-180.0 180.0   5.0 450.0                            LAT/LON1/LON2/DLON/H
   64   64   65   65   66   66   67   67   67   68   68   68   69   69   69   69
   69   69   69   69   69   68   68   68   67   67   66   66   65   65   64   64
   63   63   62   62   61   61   60   60   60   60   59   59   59   59   59   59
   59   59   59   59   59   59   59   59   59   59   60   60   60   60   60   61
   61   61   62   62   62   63   63   63   64
    85.0-180.0 180.0   5.0 450.0                            LAT/LON1/LON2/DLON/H
   60   61   62   63   64   65   66   67   69   70   71   72   72   73   73   74
   74   74   74   73   73   72   72   71   70   69   68   67   66   65   64   63
   62   61   60   59   58   57   56   55   55   54   54   54   53   53   53   53
   53   53   53   54   54   54   54   54   54   55   55   55   55   55   55   56
   56   56   56   57   57   58   59   59   60
    82.5-180.0 180.0   5.0 450.0                            LAT/LON1/LON2/DLON/H
   53   54   56   57   59   61   63   65   67   69   71   73   74   76   77   77
   78   78   77   77   76   76   75   74   72   71   70   68   67   65   64   62
   61   59   58   56   55   54   53   51   51   50   49   49   49   48   48   48
   48   49   49   49   49   49   49   49   49   49   49   49   49   49   49   49
   49   49   49   49   50   50   51   52   53
    80.0-180.0 180.0   5.0 450.0                            LAT/LON1/LON2/DLON/H
   44   46   47   49   52   55   58   61   64   67   70   73   75   77   79   80
   80   80   80   79   79   78   77   76   75   73   72   70   69   67   66   64
   62   60   58   56   55   53   51   50   48   47   46   46   45   45   45   45
   45   45   45   45   45   45   45   44   44   44   43   43   43   42   42   42
   41   41   41   41   41   42   42   43   44
    77.5-180.0 180.0   5.0 450.0                            LAT/LON1/LON2/DLON/H
   36   37   39   41   44   47   51   55   59   64   68   71   75   77   79   81
   81   81   81   80   80   79   78   77   77   76   75   74   72   71   69   68
   66   63   61   59   57   55   53   51   49   47   46   45   44   43   43   42
   42   42   42   42   41   41   40   39   39   38   37   37   36   35   35   34
   34   33   33   33   33   33   34   35   36
    75.0-180.0 180.0   5.0 450.0                            LAT/LON1/LON2/DLON/H
   30   31   32   35   37   41   45   49   54   60   65   69   73   77   79   80
   81   81   80   80   80   79   79   79   79   78   78   78   77   76   74   72
   70   68   66   63   61   58   56   53   51   49   47   45   44   43   42   41
   41   40   39   39   38   37   36   34   33   32   31   30   30   29   28   28
   27   27   27   27   27   28   28   29   30
    72.5-180.0 180.0   5.0 450.0                            LAT/LON1/LON2/DLON/H
   27   28   29   31   33   36   40   45   50   56   62   67   72   75   78   79
   79   79   79   79   79   79   79   80   81   81   82   82   81   80   78   76
   74   72   70   67   65   62   60   57   54   52   49   47   45   43   42   41
   39   38   37   36   34   33   31   29   28   27   26   25   25   24   24   23
   23   23   23   23   24   25   26   26   27
    70.0-180.0 180.0   5.0 450.0                            LAT/LON1/LON2/DLON/H
   29   29   30   31   33   35   38   43   48   54   60   65   70   74   76   77
   78   78   77   77   78   78   80   81   83   84   85   85   84   83   81   79
   76   74   71   69   67   65   63   60   57   54   51   48   46   43   41   40
   38   37   35   33   31   29   27   25   24   23   22   22   22   21   21   21
   21   21   21   22   23   24   26   27   29
    67.5-180.0 180.0   5.0 450.0                            LAT/LON1/LON2/DLON/H
   32   34   34   35   35   37   39   42   47   53   58   64   69   72   75   76
   76   76   76   77   77   79   81   82   84   86   86   86   85   84   81   79
   76   73   71   69   67   65   64   61   59   56   52   49   45   43   40   38
   36   35   33   30   28   25   23   21   20   20   20   20   21   21   21   21
   20   20   20   21   23   25   28   30   32
    65.0-180.0 180.0   5.0 450.0                            LAT/LON1/LON2/DLON/H
   37   39   40   40   40   40   42   44   48   53   58   63   68   72   74   75
   76   76   77   77   78   80   82   84   85   87   87   87   85   83   80   77
   74   70   68   66   65   64   63   61   59   56   52   48   44   41   38   36
   34   32   30   27   25   22   20   18   18   19   20   21   23   23   23   23
   22   21   21   21   23   26   30   34   37
    62.5-180.0 180.0   5.0 450.0                            LAT/LON1/LON2/DLON/H
   40   43   45   46   45   45   46   47   50   54   59   64   68   72   74   76
   77   78   79   80   81   82   83   85   86   87   87   87   85   83   79   75
   71   68   65   63   62   62   61   60   58   55   52   47   43   39   36   34
   32   30   28   25   22   19   17   17   17   19   22   24   26   28   28   26
   24   23   21   21   23   27   31   36   40
    60.0-180.0 180.0   5.0 450.0                            LAT/LON1/LON2/DLON/H
   42   46   49   50   50   50   51   52   54   57   61   65   69   72   75   78
   79   81   82   83   83   84   85   85   86   87   87   87   86   84   80   76
   72   68   64   62   60   60   60   59   58   55   51   47   42   38   35   32
   31   29   27   24   21   19   17   17   18   21   25   28   31   33   33   31
   29   25   23   22   23   26   31   37   42
    57.5-180.0 180.0   5.0 450.0                            LAT/LON1/LON2/DLON/H
   42   47   50   53   54   55   56   57   58   61   64   67   71   74   78   81
   83   85   86   87   86   86   85   85   85   86   87   88   88   87   85   81
   76   71   67   64   62   61   61   60   59   57   53   48   43   39   35   33
   31   30   28   25   22   20   19   19   22   25   29   33   37   39   39   38
   34   30   26   24   24   26   30   36   42
    55.0-180.0 180.0   5.0 450.0                            LAT/LON1/LON2/DLON/H
   40   45   50   54   57   59   61   62   63   65   68   71   74   77   81   84
   87   90   91   90   89   87   86   85   85   87   89   92   94   94   93   89
   84   79   73   69   67   65   65   64   63   61   57   52   47   42   38   36
   34   33   32   29   26   24   23   24   27   31   35   39   42   45   45   44
   41   36   32   28   26   27   31   35   40
    52.5-180.0 180.0   5.0 450.0                            LAT/LON1/LON2/DLON/H
   40   44   49   54   59   63   66   67   69   70   73   75   78   81   85   88
   92   94   95   94   91   89   86   85   86   88   92   97  101  103  103   99
   94   88   82   78   75   73   72   71   70   67   64   59   53   48   44   42
   40   40   38   36   33   31   31   32   35   38   41   44   47   50   51   51
   49   44   39   35   32   32   33   36   40
    50.0-180.0 180.0   5.0 450.0                            LAT/LON1/LON2/DLON/H
   40   43   47   53   60   66   70   73   75   77   79   81   84   86   89   93
   96   98   98   97   94   90   88   88   89   92   97  103  108  111  111  108
  103   97   92   88   85   84   83   81   79   77   73   68   62   56   52   50
   49   48   47   45   43   41   41   42   44   46   48   50   52   54   56   57
   56   53   49   44   40   39   38   39   40
    47.5-180.0 180.0   5.0 450.0                            LAT/LON1/LON2/DLON/H
   42   43   46   53   61   69   75   78   81   83   85   88   90   93   95   98
  100  102  102  100   97   94   93   93   94   98  103  108  113  116  116  113
  108  103   99   97   96   96   95   93   91   88   83   78   71   65   61   58
   58   57   57   55   53   52   52   53   55   56   56   56   56   58   61   63
   63   62   58   54   50   48   46   44   42
    45.0-180.0 180.0   5.0 450.0                            LAT/LON1/LON2/DLON/H
   46   44   46   53   62   71   79   83   87   90   93   96   99  100  101  103
  105  106  106  105  103  101  100  101  103  105  109  112  115  117  116  112
  107  104  103  104  106  108  108  106  103   98   93   87   80   74   69   67
   66   66   66   64   63   62   63   65   66   65   64   61   60   61   64   67
   69   68   66   62   60   57   54   50   46
    42.5-180.0 180.0   5.0 450.0                            LAT/LON1/LON2/DLON/H
   50   46   47   53   63   74   82   88   92   96  101  105  108  109  109  109
  110  111  111  111  111  110  111  113  114  114  114  115  115  113  111  106
  103  101  104  109  115  120  121  119  114  108  101   94   87   80   76   73
   73   73   72   71   70   71   72   74   75   74   71   67   65   65   67   70
   72   72   70   68   66   64   61   55   50
    40.0-180.0 180.0   5.0 450.0                            LAT/LON1/LON2/DLON/H
   52   47   47   54   64   75   84   90   96  102  109  115  118  118  117  115
  115  116  118  119  121  123  125  126  126  124  120  116  113  109  105  100
   98  100  106  115  124  131  134  131  124  116  107   98   91   84   79   77
   76   76   75   74   74   75   78   80   81   80   76   72   69   68   69   71
   73   72   71   70   69   68   65   59   52
    37.5-180.0 180.0   5.0 450.0                            LAT/LON1/LON2/DLON/H
   52   47   47   53   63   74   84   91   99  107  116  124  128  128  125  122
  121  122  125  129  132  135  139  140  138  133  126  119  113  108  104  100
   99  104  113  125  136  144  146  142  133  122  110  100   92   85   81   78
   77   76   75   74   74   76   79   82   83   82   80   76   73   72   72   72
   72   71   69   68   67   67   65   60   52
    35.0-180.0 180.0   5.0 450.0                            LAT/LON1/LON2/DLON/H
   50   45   45   52   62   73   82   91  100  111  122  132  137  137  134  129
  127  129  133  138  143  147  151  152  149  142  134  126  120  116  113  111
  113  119  129  141  152  158  158  152  140  126  112  100   91   85   81   78
   77   75   72   71   71   73   77   80   81   81   80   78   77   75   74   73
   71   69   66   63   62   62   61   57   50
    32.5-180.0 180.0   5.0 450.0                            LAT/LON1/LON2/DLON/H
   47   43   44   50   60   70   80   89  100  112  126  137  144  145  141  136
  134  135  140  146  151  156  160  161  158  152  145  140  137  136  136  137
  141  149  158  167  173  175  171  161  147  130  114  101   91   85   81   79
   76   73   69   67   66   69   72   75   76   77   78   79   79   79   77   74
   71   67   63   59   57   56   55   52   47
    30.0-180.0 180.0   5.0 450.0                            LAT/LON1/LON2/DLON/H
   43   40   42   48   58   68   77   87   99  113  127  140  149  151  148  143
  140  141  146  152  157  162  165  166  165  163  161  161  164  168  173  178
  185  192  197  200  198  193  184  171  154  136  118  104   94   88   84   81
   78   73   68   64   64   65   68   69   70   71   74   78   81   82   80   77
   73   68   62   57   53   51   49   46   43
    27.5-180.0 180.0   5.0 450.0                            LAT/LON1/LON2/DLON/H
   39   38   41   48   56   66   75   86   98  112  126  140  150  154  153  149
  146  147  152  158  162  164  167  169  172  176  181  190  200  210  220  229
  237  243  243  237  225  211  196  181  163  144  126  111  101   95   91   88
   83   77   71   66   65   66   67   67   66   67   71   77   83   85   83   80
   76   71   65   58   51   47   44   42   39
    25.0-180.0 180.0   5.0 450.0                            LAT/LON1/LON2/DLON/H
   38   38   42   49   57   66   75   86   97  110  124  137  149  156  157  154
  152  154  159  164  166  167  168  173  181  192  206  223  241  257  270  282
  291  295  289  273  250  228  208  191  174  155  137  123  113  107  103   99
   94   87   80   74   72   72   71   69   66   66   70   78   85   88   87   83
   80   76   70   62   53   46   42   40   38
    22.5-180.0 180.0   5.0 450.0                            LAT/LON1/LON2/DLON/H
   39   40   44   51   59   68   77   87   98  110  121  134  147  157  161  161
  160  163  169  173  173  172  173  180  194  212  235  259  281  300  315  327
  337  339  327  302  271  242  219  203  187  170  153  139  129  123  118  114
  108  101   94   88   86   84   82   78   73   70   74   81   88   91   90   87
   84   81   76   67   57   49   43   40   39
    20.0-180.0 180.0   5.0 450.0                            LAT/LON1/LON2/DLON/H
   41   43   47   54   63   71   80   91  101  110  120  131  145  158  165  168
  171  176  183  188  187  184  185  194  212  236  264  291  315  333  346  358
  367  367  352  322  285  252  230  215  203  188  172  158  148  141  136  131
  125  118  112  107  105  103   99   92   85   81   82   88   93   95   93   89
   87   86   81   73   63   53   46   43   41
    17.5-180.0 180.0   5.0 450.0                            LAT/LON1/LON2/DLON/H
   44   46   50   58   67   76   85   96  106  113  121  131  145  160  171  178
  184  193  203  208  208  204  205  216  237  263  292  318  339  353  362  370
  378  377  362  330  292  261  241  230  221  208  193  179  168  159  153  147
  142  137  132  129  126  124  119  111  103   96   95   97  100   99   95   91
   89   87   84   77   67   57   50   46   44
    15.0-180.0 180.0   5.0 450.0                            LAT/LON1/LON2/DLON/H
   47   48   52   61   70   80   91  102  112  119  125  134  149  166  180  190
  200  213  227  235  235  232  233  245  266  291  316  338  352  358  361  366
  372  372  358  330  296  269  254  247  240  228  213  198  185  176  168  162
  158  154  151  149  147  144  139  132  122  114  110  109  108  104   98   91
   88   86   83   77   69   61   54   50   47
    12.5-180.0 180.0   5.0 450.0                            LAT/LON1/LON2/DLON/H
   49   48   52   62   73   84   96  108  119  127  133  143  157  174  190  203
  217  235  254  265  267  264  266  277  297  318  336  350  355  354  352  352
  357  359  348  325  298  278  269  265  259  247  230  213  199  188  179  173
  169  168  167  166  164  161  156  149  140  131  124  120  115  109  100   91
   85   82   79   75   68   62   58   53   49
    10.0-180.0 180.0   5.0 450.0                            LAT/LON1/LON2/DLON/H
   50   47   50   61   74   87  100  114  127  137  145  155  169  186  203  218
  235  257  279  294  298  297  299  310  326  341  351  356  354  347  340  339
  342  345  339  322  303  290  286  284  277  262  242  223  207  195  185  179
  176  176  176  176  174  171  167  161  153  145  136  128  121  112  101   90
   82   77   73   70   66   63   60   55   50
     7.5-180.0 180.0   5.0 450.0                            LAT/LON1/LON2/DLON/H
   49   44   47   58   73   88  103  118  133  147  159  170  184  200  216  232
  252  276  301  317  323  324  328  338  350  359  361  359  352  344  336  334
  337  340  336  325  312  305  304  301  291  271  248  227  209  196  187  181
  178  178  179  179  177  173  169  165  159  151  141  131  123  113  102   89
   79   72   68   65   64   63   61   56   49
     5.0-180.0 180.0   5.0 450.0                            LAT/LON1/LON2/DLON/H
   48   42   43   55   72   89  104  120  138  157  172  186  200  214  229  245
  265  290  315  331  338  340  346  357  367  370  367  361  355  348  344  343
  345  347  343  334  325  321  320  314  298  274  247  224  206  193  184  178
  175  175  175  174  172  168  164  160  156  149  139  129  120  111  101   88
   77   68   64   62   62   63   62   57   48
     2.5-180.0 180.0   5.0 450.0                            LAT/LON1/LON2/DLON/H
   48   39   40   53   71   89  104  121  142  164  185  201  214  227  240  255
  275  298  320  334  340  345  353  365  374  375  370  365  362  362  364  366
  367  366  359  349  340  335  330  319  298  269  240  215  197  186  178  172
  169  167  166  164  160  155  151  148  145  139  130  121  114  107   98   87
   76   67   62   61   62   63   63   58   48
