path_delay/I2017-03-26
     1.0            IONOSPHERE MAPS     GNSS                IONEX VERSION / TYPE
ADDNEQ2 V5.3        AIUB                30-MAR-17 20:28     PGM / RUN BY / DATE 
CODE'S GLOBAL IONOSPHERE MAPS FOR DAY 085, 2017             COMMENT             
Global ionosphere maps (GIM) are generated on a daily basis DESCRIPTION         
at CODE using data from about 300 GNSS sites of the IGS and DESCRIPTION         
other institutions. The vertical total electron content     DESCRIPTION         
(VTEC) is modeled in a solar-geomagnetic reference frame    DESCRIPTION         
using a spherical harmonics expansion up to degree and      DESCRIPTION         
order 15. Piece-wise linear functions are used for          DESCRIPTION         
representation in the time domain. The time spacing of      DESCRIPTION         
their vertices is 1 hour, conforming with the epochs of the DESCRIPTION         
VTEC maps.                                                  DESCRIPTION         
To convert line-of-sight TEC into vertical TEC, a modified  DESCRIPTION         
single-layer model mapping function approximating the JPL   DESCRIPTION         
extended slab model mapping function is adopted. The        DESCRIPTION         
mapping function is evaluated at geodetic satellite         DESCRIPTION         
elevation angles. For the computation of the ionospheric    DESCRIPTION         
pierce points, a spherical layer with a radius of 6821 km   DESCRIPTION         
is assumed, implying geocentric, not geodetic IONEX         DESCRIPTION         
latitudes.                                                  DESCRIPTION         
Instrumental biases with respect to each involved GNSS code DESCRIPTION         
observable are estimated as constant values for each        DESCRIPTION         
day. They are modeled with one set of bias parameters for   DESCRIPTION         
each satellite and each station in case of GPS and for each DESCRIPTION         
satellite-station link in case of GLONASS. The code bias    DESCRIPTION         
datum is defined by zero-mean conditions imposed on the     DESCRIPTION         
satellite bias estimates. In this file, just GPS C1W-C2W    DESCRIPTION         
satellite and station bias values are included. The         DESCRIPTION         
complete set of GNSS code bias results is provided in an    DESCRIPTION         
additional Bias-SINEX file as pseudo-absolute values        DESCRIPTION         
specific to each observable.                                DESCRIPTION         
Note: These GIM results correspond to the results for the   DESCRIPTION         
middle day of a 3-day combination analysis solving for 73   DESCRIPTION         
times 256, or 18688 VTEC parameters and 3 daily sets of     DESCRIPTION         
GNSS code bias parameters.                                  DESCRIPTION         
Contact address: code(at)aiub.unibe.ch                      DESCRIPTION         
Data archive:    ftp.unibe.ch/aiub/CODE/                    DESCRIPTION         
                 www.aiub.unibe.ch/download/CODE/           DESCRIPTION         
  2017     3    26     0     0     0                        EPOCH OF FIRST MAP  
  2017     3    27     0     0     0                        EPOCH OF LAST MAP   
  3600                                                      INTERVAL            
[...]
flin flrs frdn ftna func ganp glps glsv gmsd gode godz gol2 COMMENT             
gold gope gras graz guam guat guug harb hers hert hlfx hnlc COMMENT             
hnpt hob2 hofn holb hrao hyde iddr ieng iisc ineg invk iqal COMMENT             
irkj isba ispa jog2 joz2 joze karr kat1 kely kerg khar kir0 COMMENT             
kiri kiru kit3 kokb kokv koug kour krgg lama laut lhaz lmmf COMMENT             
lpal lpgs m0se mac1 madr maju mal2 mana mas1 mat1 mate maui COMMENT             
maw1 mcil mcm4 mdo1 mdvj medi mets mgue mizu mkea mnls mobj COMMENT             
mobk mobs monp morp mqzg mro1 mtka nain nano naur nico nist COMMENT             
nium nklg nlib nnor not1 novm nrc1 nrmd nya1 nyal ohi2 ohi3 COMMENT             
onsa opmt ous2 pado palv parc park pbri pdel penc pert pfa2 COMMENT             
pie1 pimo pol2 polv pots pove prds ptag ptbb qaq1 quin rabt COMMENT             
ramo rbay recf reun reyk rgdg rio2 riop roth salu samo sant COMMENT             
savo sch2 scor scrz sctb scub seyg sfer sofi spt0 sthl stjo COMMENT             
stk2 str2 suth sutm sutv suwn sydn syog tabl tabv tash thtg COMMENT             
thti thu2 thu3 tid1 tidb tixg tixi tlse tn22 tnml tong tow2 COMMENT             
tro1 tsea tskb tuva twtf txes uclu ufpr ulab unbj unsa untr COMMENT             
urum urus usn7 usud vaco vald vill voim vtsp wab1 wab2 wark COMMENT             
wgtn whit will wind wsrt wtza wtzr wtzs wtzz yakt yar2 yar3 COMMENT             
yarr ycba yell ykro yssk zamb zeck zim2 zim3 zimj zimm      COMMENT             
                                                            END OF HEADER       
[from data line 1287]
     4                                                      START OF TEC MAP    
  2017     3    26     3     0     0                        EPOCH OF CURRENT MAP
    87.5-180.0 180.0   5.0 450.0                            LAT/LON1/LON2/DLON/H
   45   45   45   45   46   46   46   47   47   48   48   49   49   49   50   50
   50   51   51   51   51   51   51   51   51   51   51   51   50   50   50   50
   50   49   49   49   49   49   49   49   49   48   48   48   48   48   48   48
   48   48   48   48   47   47   47   47   47   47   46   46   46   46   45   45
   45   45   45   45   45   44   45   45   45
    85.0-180.0 180.0   5.0 450.0                            LAT/LON1/LON2/DLON/H
   40   40   41   41   42   43   44   45   46   47   48   49   50   51   52   53
   54   54   54   54   54   54   53   53   52   51   51   50   49   49   48   48
   47   47   47   46   46   46   46   46   46   46   46   47   47   47   47   47
   47   47   48   48   48   48   48   48   48   47   47   47   46   46   45   44
   44   43   42   42   41   41   40   40   40
    82.5-180.0 180.0   5.0 450.0                            LAT/LON1/LON2/DLON/H
   37   37   37   38   39   40   41   43   45   47   49   50   52   54   55   56
   56   56   56   56   55   54   52   51   49   48   46   45   44   43   42   41
   41   41   41   41   41   41   42   42   42   43   43   43   44   44   45   45
   46   47   47   48   49   50   50   51   51   51   51   51   50   50   49   47
   46   45   43   42   41   39   38   38   37
    80.0-180.0 180.0   5.0 450.0                            LAT/LON1/LON2/DLON/H
   38   37   37   37   38   39   41   43   45   47   50   52   54   55   56   57
   57   57   56   55   53   51   49   46   43   41   38   36   35   33   32   32
   32   32   33   33   34   35   36   37   37   38   39   39   40   41   42   43
   44   45   47   49   50   52   54   56   57   58   58   58   58   57   56   54
   53   51   49   47   45   43   41   39   38
    77.5-180.0 180.0   5.0 450.0                            LAT/LON1/LON2/DLON/H
   44   42   41   41   41   42   43   45   47   49   51   53   54   55   56   56
   56   55   53   51   49   46   43   39   35   32   29   26   24   23   22   22
   23   24   25   27   28   29   31   32   33   33   34   35   35   36   38   39
   41   43   46   49   52   55   58   61   64   66   67   67   67   67   66   64
   62   60   58   56   53   51   48   46   44
    75.0-180.0 180.0   5.0 450.0                            LAT/LON1/LON2/DLON/H
   54   51   49   48   47   47   48   49   50   52   53   54   54   54   53   52
   51   50   48   45   42   39   35   31   27   23   20   17   15   14   14   15
   16   18   19   21   23   25   26   27   28   29   29   30   31   32   33   35
   38   41   44   48   53   58   62   66   70   73   75   76   76   75   74   73
   72   70   68   67   65   62   60   57   54
    72.5-180.0 180.0   5.0 450.0                            LAT/LON1/LON2/DLON/H
   66   63   59   56   54   54   54   54   55   55   55   54   53   51   49   46
   44   42   40   38   35   32   28   24   20   16   13   11    9    9    9   11
   12   14   16   18   20   21   22   23   23   24   24   25   27   28   30   33
   36   39   44   49   54   60   66   71   75   78   81   81   81   81   80   79
   78   77   77   77   76   75   73   70   66
    70.0-180.0 180.0   5.0 450.0                            LAT/LON1/LON2/DLON/H
   78   73   68   64   61   59   59   59   59   59   57   55   51   47   43   40
   37   34   33   31   29   26   23   20   16   13   10    9    8    8    9   10
   12   14   15   16   17   18   18   18   18   19   20   22   24   26   29   32
   35   40   44   50   56   62   68   74   79   82   84   84   83   81   80   79
   79   80   82   84   86   86   85   82   78
    67.5-180.0 180.0   5.0 450.0                            LAT/LON1/LON2/DLON/H
   86   79   73   68   64   62   62   62   63   62   59   55   50   44   38   33
   30   28   27   26   25   23   21   18   15   13   11   10   10   10   11   12
   14   15   15   15   15   14   14   13   13   14   16   19   22   26   29   33
   37   42   47   52   58   65   71   76   81   83   84   83   81   78   76   75
   75   78   82   87   91   93   93   90   86
    65.0-180.0 180.0   5.0 450.0                            LAT/LON1/LON2/DLON/H
   89   81   74   68   63   62   62   63   64   63   60   55   49   42   35   30
   26   24   24   24   24   23   21   18   16   15   14   13   14   14   15   16
   16   16   15   14   13   11   10    9    9   10   13   17   22   27   32   37
   41   46   50   56   61   67   73   78   82   84   84   82   78   74   71   69
   70   73   79   85   92   96   97   94   89
    62.5-180.0 180.0   5.0 450.0                            LAT/LON1/LON2/DLON/H
   88   80   71   64   60   58   59   61   63   63   60   55   49   41   34   29
   26   24   25   25   25   24   22   20   18   17   17   17   18   18   19   18
   17   16   15   13   11    9    7    6    6    8   12   18   24   30   36   42
   47   51   55   60   65   70   76   81   85   86   86   83   78   73   68   65
   65   68   74   82   90   95   97   95   88
    60.0-180.0 180.0   5.0 450.0                            LAT/LON1/LON2/DLON/H
   86   77   68   61   57   55   57   59   61   61   59   55   49   42   36   31
   28   28   28   28   28   26   23   21   19   19   19   20   21   22   21   19
   18   16   14   12   10    8    6    6    6    9   14   20   28   35   41   47
   52   56   60   64   68   73   79   84   88   90   90   88   83   77   71   66
   65   67   72   80   88   94   96   93   86
    57.5-180.0 180.0   5.0 450.0                            LAT/LON1/LON2/DLON/H
   86   77   69   62   58   57   57   58   59   59   57   54   50   44   39   35
   33   33   33   32   31   28   24   21   20   20   21   23   24   24   22   20
   17   15   14   13   12   11   10    9   10   14   19   25   32   40   46   52
   56   60   64   68   72   77   83   89   94   97   98   97   93   87   81   75
   72   71   75   81   88   94   96   93   86
    55.0-180.0 180.0   5.0 450.0                            LAT/LON1/LON2/DLON/H
   90   82   75   70   67   65   64   62   60   58   55   53   50   46   43   40
   38   37   37   36   34   30   25   22   21   21   23   25   26   25   23   20
   17   16   16   17   17   18   17   17   18   21   26   31   38   44   50   55
   60   63   67   71   76   82   88   94  101  106  109  110  108  103   96   90
   84   81   82   86   92   97   99   96   90
    52.5-180.0 180.0   5.0 450.0                            LAT/LON1/LON2/DLON/H
   99   93   88   85   84   82   78   73   66   60   55   52   50   48   45   43
   42   41   40   39   36   32   27   24   23   24   27   29   29   27   24   21
   19   19   21   23   26   27   28   28   29   31   34   39   44   48   53   58
   62   66   71   76   81   87   94  101  109  115  120  123  123  119  114  106
   99   93   91   93   97  102  105  103   99
    50.0-180.0 180.0   5.0 450.0                            LAT/LON1/LON2/DLON/H
  110  106  105  105  106  105   99   88   76   65   57   52   50   49   47   45
   44   43   42   41   39   35   31   28   28   30   32   34   34   31   27   24
   23   24   28   33   37   39   40   40   40   41   44   46   49   53   56   60
   65   70   75   81   87   94  101  109  117  124  130  134  135  133  128  120
  111  104   99   99  103  109  112  113  110
    47.5-180.0 180.0   5.0 450.0                            LAT/LON1/LON2/DLON/H
  120  119  120  124  128  128  121  107   89   73   62   55   52   51   49   46
   44   44   44   44   43   41   38   36   36   38   40   41   40   37   32   29
   29   31   37   43   48   50   51   51   50   51   52   54   55   57   60   64
   69   75   81   87   94  101  109  116  124  131  136  139  141  140  136  128
  119  110  105  104  108  115  120  122  120
    45.0-180.0 180.0   5.0 450.0                            LAT/LON1/LON2/DLON/H
  127  126  129  135  143  145  139  124  104   84   70   61   57   54   51   48
   46   45   46   49   50   50   48   47   47   48   49   49   47   43   38   36
   36   39   45   52   57   59   59   59   58   59   60   61   61   62   65   69
   75   82   89   96  102  109  117  123  130  135  138  140  141  140  136  130
  121  112  106  106  111  120  126  128  127
    42.5-180.0 180.0   5.0 450.0                            LAT/LON1/LON2/DLON/H
  129  126  127  135  145  151  148  135  115   96   81   71   64   60   56   51
   49   49   52   56   60   61   61   59   59   59   58   56   53   48   44   41
   42   46   52   58   62   64   64   63   63   65   66   67   68   69   72   77
   84   91   98  104  111  117  124  130  134  137  138  138  137  136  133  127
  119  111  106  107  113  123  130  132  129
    40.0-180.0 180.0   5.0 450.0                            LAT/LON1/LON2/DLON/H
  126  118  116  123  134  143  145  137  122  106   92   82   74   68   62   57
   55   56   60   66   71   74   73   71   69   67   65   61   57   52   48   46
   46   50   55   61   64   65   64   64   65   68   71   73   73   75   79   86
   93  100  107  113  119  124  130  135  138  140  139  137  135  133  131  127
  121  114  109  110  118  127  134  133  126
    37.5-180.0 180.0   5.0 450.0                            LAT/LON1/LON2/DLON/H
  124  110  101  103  113  124  131  130  123  113  103   93   85   77   71   66
   63   65   70   77   83   85   84   80   77   73   69   64   58   53   50   48
   48   51   56   60   63   63   63   63   66   71   75   77   79   81   87   94
  102  109  114  119  124  130  136  140  144  145  144  143  141  139  139  136
  132  126  122  122  128  136  140  136  124
    35.0-180.0 180.0   5.0 450.0                            LAT/LON1/LON2/DLON/H
  128  107   92   86   91  101  111  117  119  116  111  103   94   86   79   75
   73   75   81   87   92   93   90   85   79   74   69   63   58   53   50   48
   48   50   54   58   60   60   60   61   66   72   77   80   82   85   92  100
  109  115  119  123  128  134  140  146  151  155  156  157  158  159  161  161
  159  154  148  146  149  153  154  145  128
    32.5-180.0 180.0   5.0 450.0                            LAT/LON1/LON2/DLON/H
  145  119   97   83   80   85   94  104  113  117  117  111  102   93   86   82
   81   83   88   93   97   96   90   83   77   72   67   62   57   53   50   49
   48   49   52   56   58   58   58   60   66   73   79   81   82   86   94  103
  112  117  120  123  129  136  145  153  162  169  176  182  188  194  199  203
  202  197  190  183  181  181  177  165  145
    30.0-180.0 180.0   5.0 450.0                            LAT/LON1/LON2/DLON/H
  177  150  124  103   90   86   90   99  110  119  121  116  106   97   90   86
   85   86   89   93   95   92   86   78   72   68   64   60   56   54   52   50
   50   50   52   55   57   57   57   59   66   73   78   79   79   83   92  102
  111  116  118  122  129  139  151  163  175  189  203  216  228  240  250  257
  259  253  243  232  223  217  210  198  177
    27.5-180.0 180.0   5.0 450.0                            LAT/LON1/LON2/DLON/H
  224  202  176  150  128  112  105  107  116  124  126  120  109   98   91   87
   84   83   84   87   87   84   77   71   67   65   63   61   58   57   56   55
   54   54   55   58   59   58   57   59   65   71   75   74   73   77   87   99
  107  112  115  121  131  144  158  174  192  212  233  254  273  291  306  316
  319  314  302  286  271  260  251  240  224
    25.0-180.0 180.0   5.0 450.0                            LAT/LON1/LON2/DLON/H
  279  267  247  221  191  163  142  133  134  137  135  126  112  100   91   84
   79   75   74   76   76   74   69   65   63   64   64   64   63   63   63   63
   61   61   61   63   62   60   57   57   62   67   68   66   64   69   80   93
  103  108  113  121  134  150  168  187  209  235  262  289  315  337  355  368
  373  368  356  337  318  302  292  286  279
    22.5-180.0 180.0   5.0 450.0                            LAT/LON1/LON2/DLON/H
  334  335  326  304  271  233  199  176  164  157  149  135  119  104   92   81
   72   65   63   64   66   66   65   64   65   67   69   70   70   71   73   73
   71   70   70   69   67   61   56   54   57   60   60   56   54   60   73   88
   99  106  112  124  140  160  180  202  227  256  286  317  345  370  390  403
  409  407  395  377  356  338  329  329  334
    20.0-180.0 180.0   5.0 450.0                            LAT/LON1/LON2/DLON/H
  377  392  397  385  354  311  266  229  204  186  170  151  132  113   98   83
   69   58   54   56   60   64   66   68   71   75   77   78   79   81   83   84
   82   80   78   75   70   62   53   49   49   51   49   45   44   52   68   85
   98  106  115  130  149  171  193  217  243  272  303  333  360  384  403  416
  423  422  415  400  380  363  356  362  377
    17.5-180.0 180.0   5.0 450.0                            LAT/LON1/LON2/DLON/H
  402  429  447  446  423  381  332  286  249  220  196  173  151  131  111   91
   72   58   53   56   63   70   75   78   82   85   87   87   88   90   93   94
   92   88   84   79   71   60   49   43   41   41   39   35   36   47   65   85
   99  109  121  138  160  184  207  230  256  284  311  336  360  380  396  407
  413  416  414  405  390  374  369  378  402
    15.0-180.0 180.0   5.0 450.0                            LAT/LON1/LON2/DLON/H
  405  439  467  478  466  433  386  337  292  256  226  200  177  155  132  108
   85   69   63   67   76   84   90   94   97   98   97   96   97   99  101  101
   98   94   88   81   71   58   45   37   33   32   30   28   31   45   65   86
  101  113  127  147  170  195  218  242  266  290  312  331  348  363  374  382
  387  393  397  396  387  375  369  379  405
    12.5-180.0 180.0   5.0 450.0                            LAT/LON1/LON2/DLON/H
  391  424  457  478  479  458  420  374  328  288  255  229  206  183  159  133
  108   91   84   88   96  104  109  112  112  111  108  106  106  107  108  106
  101   95   88   80   69   55   41   32   28   26   24   23   29   44   66   87
  104  117  132  154  179  203  227  250  273  294  309  321  331  341  349  353
  356  363  372  379  378  369  362  368  391
    10.0-180.0 180.0   5.0 450.0                            LAT/LON1/LON2/DLON/H
  367  394  425  450  462  456  432  395  353  313  280  254  233  212  188  162
  137  120  114  116  122  126  129  129  127  124  120  117  116  115  113  107
  100   92   85   76   65   52   39   29   25   22   21   21   29   45   67   88
  104  118  135  158  183  208  231  254  277  295  306  312  317  324  328  329
  330  337  350  363  368  363  354  353  367
     7.5-180.0 180.0   5.0 450.0                            LAT/LON1/LON2/DLON/H
  346  362  385  409  427  434  424  399  364  328  297  273  255  236  215  191
  169  154  147  146  147  148  147  144  140  136  132  129  128  124  117  107
   96   87   79   72   62   50   38   29   24   22   20   22   29   45   66   85
  101  116  134  158  183  207  230  255  278  296  305  308  312  317  321  320
  318  322  336  354  364  361  350  343  346
     5.0-180.0 180.0   5.0 450.0                            LAT/LON1/LON2/DLON/H
  337  341  353  370  389  402  403  390  364  333  305  284  267  252  234  214
  196  184  177  173  169  164  160  155  151  146  144  143  141  134  122  106
   91   80   73   67   59   49   38   30   26   23   22   23   29   43   62   80
   95  111  130  154  179  203  226  251  276  296  306  310  315  323  329  327
  322  323  335  353  366  366  355  342  337
     2.5-180.0 180.0   5.0 450.0                            LAT/LON1/LON2/DLON/H
  344  340  341  348  360  373  379  374  356  331  306  286  271  258  243  228
  216  206  199  191  182  174  168  163  159  156  156  157  154  144  125  103
   84   73   67   62   56   47   38   31   27   24   23   24   29   41   56   73
   88  103  123  147  171  194  217  244  271  293  307  316  326  338  347  346
  338  334  342  358  372  375  366  354  344
