path_delay/I2017-03-16
     1.0            IONOSPHERE MAPS     GNSS                IONEX VERSION / TYPE
ADDNEQ2 V5.3        AIUB                20-MAR-17 23:39     PGM / RUN BY / DATE 
CODE'S GLOBAL IONOSPHERE MAPS FOR DAY 075, 2017             COMMENT             
Global ionosphere maps (GIM) are generated on a daily basis DESCRIPTION         
at CODE using data from about 300 GNSS sites of the IGS and DESCRIPTION         
other institutions. The vertical total electron content     DESCRIPTION         
(VTEC) is modeled in a solar-geomagnetic reference frame    DESCRIPTION         
using a spherical harmonics expansion up to degree and      DESCRIPTION         
order 15. Piece-wise linear functions are used for          DESCRIPTION         
representation in the time domain. The time spacing of      DESCRIPTION         
their vertices is 1 hour, conforming with the epochs of the DESCRIPTION         
VTEC maps.                                                  DESCRIPTION         
To convert line-of-sight TEC into vertical TEC, a modified  DESCRIPTION         
single-layer model mapping function approximating the JPL   DESCRIPTION         
extended slab model mapping function is adopted. The        DESCRIPTION         
mapping function is evaluated at geodetic satellite         DESCRIPTION         
elevation angles. For the computation of the ionospheric    DESCRIPTION         
pierce points, a spherical layer with a radius of 6821 km   DESCRIPTION         
is assumed, implying geocentric, not geodetic IONEX         DESCRIPTION         
latitudes.                                                  DESCRIPTION         
Instrumental biases with respect to each involved GNSS code DESCRIPTION         
observable are estimated as constant values for each        DESCRIPTION         
day. They are modeled with one set of bias parameters for   DESCRIPTION         
each satellite and each station in case of GPS and for each DESCRIPTION         
satellite-station link in case of GLONASS. The code bias    DESCRIPTION         
datum is defined by zero-mean conditions imposed on the     DESCRIPTION         
satellite bias estimates. In this file, just GPS C1W-C2W    DESCRIPTION         
satellite and station bias values are included. The         DESCRIPTION         
complete set of GNSS code bias results is provided in an    DESCRIPTION         
additional Bias-SINEX file as pseudo-absolute values        DESCRIPTION         
specific to each observable.                                DESCRIPTION         
Note: These GIM results correspond to the results for the   DESCRIPTION         
middle day of a 3-day combination analysis solving for 73   DESCRIPTION         
times 256, or 18688 VTEC parameters and 3 daily sets of     DESCRIPTION         
GNSS code bias parameters.                                  DESCRIPTION         
Contact address: code(at)aiub.unibe.ch                      DESCRIPTION         
Data archive:    ftp.unibe.ch/aiub/CODE/                    DESCRIPTION         
                 www.aiub.unibe.ch/download/CODE/           DESCRIPTION         
  2017     3    16     0     0     0                        EPOCH OF FIRST MAP  
  2017     3    17     0     0     0                        EPOCH OF LAST MAP   
  3600                                                      INTERVAL            
[...]
fair faiv flin flrs frdn ftna func ganp glps glsv gmsd gode COMMENT             
godz gol2 gold gope gras graz guam guat guug harb hers hert COMMENT             
hlfx hnlc hnpt hob2 hofn holb hrao hyde iddr ieng ineg invk COMMENT             
iqal irkj isba ispa jog2 joz2 joze karr kat1 kely kerg khar COMMENT             
kir0 kiri kiru kit3 kokb kokv kouc koug kour krgg lama laut COMMENT             
lhaz lmmf lpal lpgs m0se mac1 madr mag0 maju mal2 mana mas1 COMMENT             
mat1 mate maui maw1 mbar mcm4 mdvj medi mets mgue mizu mkea COMMENT             
mnls mobj mobk mobs monp morp mqzg mro1 mtka nain nano naur COMMENT             
nico nist nium nklg nlib nnor not1 novm nrc1 nrmd nya1 nyal COMMENT             
ohi2 ohi3 onsa opmt ous2 pado palv parc park pbri pdel penc COMMENT             
pert pfa2 pie1 pimo pol2 polv pots pove prds ptag ptbb qaq1 COMMENT             
quin rabt ramo recf reso reun reyk rgdg rio2 riop roth salu COMMENT             
samo sant savo sch2 scor scrz sctb scub seyg sfer sofi spt0 COMMENT             
sthl stjo stk2 str2 suth sutm sutv suwn sydn syog tabl tabv COMMENT             
tash thtg thti thu2 thu3 tid1 tidb tixg tixi tlse tn22 tnml COMMENT             
tong tow2 tro1 tsea tskb tuva twtf txes uclu ufpr ulab unbj COMMENT             
unsa urum urus usn7 usud vaco vald vill voim vtsp wab1 wab2 COMMENT             
wgtn whit will wind wsrt wtza wtzr wtzs wtzz xmis yakt yar2 COMMENT             
yar3 yarr ycba yell ykro yssk zamb zeck zim2 zim3 zimj zimm COMMENT             
                                                            END OF HEADER       
[from data line 7293]
    18                                                      START OF TEC MAP    
  2017     3    16    17     0     0                        EPOCH OF CURRENT MAP
    87.5-180.0 180.0   5.0 450.0                            LAT/LON1/LON2/DLON/H
   55   55   55   56   56   56   56   57   57   57   57   57   57   57   57   57
   57   57   56   56   56   55   55   54   54   53   53   52   51   51   50   49
   49   48   47   47   46   46   45   45   45   45   44   44   44   44   44   44
   45   45   45   45   46   46   47   47   48   48   48   49   49   50   50   51
   51   52   52   53   53   53   54   54   55
    85.0-180.0 180.0   5.0 450.0                            LAT/LON1/LON2/DLON/H
   55   55   56   57   57   58   58   59   60   60   61   61   61   62   62   62
   62   62   61   61   60   59   59   58   57   56   54   53   52   51   49   48
   46   45   44   43   42   41   40   39   38   38   37   37   37   37   37   37
   38   38   39   40   41   42   43   44   45   45   46   47   48   49   49   50
   51   51   52   52   53   53   54   54   55
    82.5-180.0 180.0   5.0 450.0                            LAT/LON1/LON2/DLON/H
   51   52   53   54   55   56   57   58   59   60   61   62   63   64   64   65
   65   65   65   64   64   63   62   61   60   58   57   55   53   51   50   48
   46   44   42   40   39   37   36   34   33   32   32   31   31   31   31   31
   32   33   34   35   36   38   39   40   42   43   44   45   46   47   48   48
   49   49   49   49   50   50   50   51   51
    80.0-180.0 180.0   5.0 450.0                            LAT/LON1/LON2/DLON/H
   45   46   47   48   49   51   53   55   56   58   60   61   62   64   65   65
   66   66   67   67   66   66   65   64   63   61   59   58   56   53   51   49
   47   45   42   40   38   36   34   33   31   30   29   28   27   27   27   27
   27   28   29   30   32   34   35   37   39   40   42   43   44   44   45   45
   45   44   44   44   44   44   44   44   45
    77.5-180.0 180.0   5.0 450.0                            LAT/LON1/LON2/DLON/H
   36   37   39   40   43   45   47   49   52   54   56   58   60   61   63   64
   65   66   66   67   67   67   66   65   64   63   62   60   58   56   54   52
   49   47   45   42   40   38   36   34   32   30   28   27   26   25   24   24
   24   24   25   26   27   29   31   33   35   36   38   39   40   40   40   39
   39   38   37   36   35   35   35   35   36
    75.0-180.0 180.0   5.0 450.0                            LAT/LON1/LON2/DLON/H
   27   29   31   33   36   39   41   44   47   49   52   54   56   58   59   61
   62   63   64   65   66   66   66   66   66   65   64   62   61   59   57   55
   53   51   48   46   44   41   39   36   34   32   30   28   26   24   23   22
   21   21   21   21   23   24   26   27   29   31   32   33   34   34   34   33
   32   30   29   28   27   26   26   26   27
    72.5-180.0 180.0   5.0 450.0                            LAT/LON1/LON2/DLON/H
   21   23   26   28   31   34   37   40   43   45   48   50   52   54   56   57
   59   60   62   63   64   65   66   66   66   66   65   65   64   62   61   59
   57   55   52   50   47   45   42   40   37   35   32   30   27   25   22   20
   19   17   17   17   17   18   20   21   23   24   26   27   27   27   27   26
   25   23   22   20   19   18   19   19   21
    70.0-180.0 180.0   5.0 450.0                            LAT/LON1/LON2/DLON/H
   18   20   23   27   30   33   35   38   41   43   45   47   49   51   53   55
   56   58   60   61   63   64   65   66   67   67   67   67   66   65   64   63
   61   58   56   53   50   47   45   42   39   37   34   31   28   25   22   19
   16   15   13   13   12   13   14   15   16   17   19   20   21   21   21   21
   20   18   16   15   14   14   14   16   18
    67.5-180.0 180.0   5.0 450.0                            LAT/LON1/LON2/DLON/H
   18   22   25   28   31   34   36   38   41   43   45   47   49   51   52   54
   55   57   59   61   63   65   66   67   68   68   68   68   68   68   67   66
   64   61   58   55   51   48   45   43   40   38   35   32   28   25   21   18
   15   12   11    9    9    9    9   10   11   12   13   15   16   17   18   18
   17   16   15   13   13   13   14   16   18
    65.0-180.0 180.0   5.0 450.0                            LAT/LON1/LON2/DLON/H
   22   26   30   33   36   38   39   41   42   44   46   48   50   52   54   55
   57   58   60   62   64   66   68   69   69   70   70   71   71   70   70   68
   66   63   59   55   51   48   45   42   40   37   35   32   28   25   21   17
   14   11    9    8    7    7    7    7    8    9   11   13   15   16   18   19
   19   18   17   16   15   16   17   19   22
    62.5-180.0 180.0   5.0 450.0                            LAT/LON1/LON2/DLON/H
   28   32   36   39   42   43   44   45   46   47   49   51   53   55   57   58
   60   62   63   65   67   69   70   71   72   72   73   73   73   73   72   70
   68   64   60   55   51   47   44   41   39   37   35   32   29   25   21   18
   14   12   10    9    8    7    7    8    8   10   12   14   17   19   22   23
   24   24   23   22   21   21   23   25   28
    60.0-180.0 180.0   5.0 450.0                            LAT/LON1/LON2/DLON/H
   35   39   43   46   49   50   50   50   51   51   53   54   57   59   61   62
   64   66   67   69   71   72   74   74   75   75   76   76   76   76   75   73
   70   65   61   56   51   47   44   42   40   38   36   34   30   27   23   20
   17   14   13   12   11   11   11   12   13   14   16   19   22   26   29   31
   32   32   31   30   29   28   29   32   35
    57.5-180.0 180.0   5.0 450.0                            LAT/LON1/LON2/DLON/H
   41   45   49   53   56   57   57   56   56   56   56   58   60   62   64   66
   68   70   71   73   74   76   77   77   78   78   79   79   80   79   78   76
   72   68   63   59   55   51   48   46   44   42   40   38   34   31   27   24
   21   19   18   17   17   17   18   19   20   22   24   27   31   35   38   41
   43   43   41   39   37   36   36   38   41
    55.0-180.0 180.0   5.0 450.0                            LAT/LON1/LON2/DLON/H
   45   49   54   58   62   64   64   63   62   61   61   61   63   65   67   69
   71   73   74   76   77   78   79   80   81   82   83   83   84   83   82   79
   76   72   68   65   62   59   57   55   53   50   48   44   41   37   34   31
   28   26   25   25   25   25   26   28   29   31   34   37   41   45   49   52
   53   53   51   48   45   43   42   43   45
    52.5-180.0 180.0   5.0 450.0                            LAT/LON1/LON2/DLON/H
   48   52   57   62   67   70   71   71   69   67   65   64   65   66   68   71
   73   75   77   78   79   79   81   82   84   86   87   88   88   88   86   83
   80   77   75   74   73   72   70   68   65   62   58   54   50   46   42   39
   37   35   34   33   33   34   36   38   40   42   44   47   51   54   58   61
   62   62   60   56   52   49   46   46   48
    50.0-180.0 180.0   5.0 450.0                            LAT/LON1/LON2/DLON/H
   50   53   58   65   71   76   79   79   77   74   70   68   67   67   69   72
   75   77   79   79   80   81   82   85   87   90   92   93   94   92   90   87
   85   84   84   85   87   87   87   84   81   76   71   66   60   56   52   50
   47   45   43   42   42   43   45   47   50   52   54   56   59   62   65   68
   69   69   66   62   58   53   50   49   50
    47.5-180.0 180.0   5.0 450.0                            LAT/LON1/LON2/DLON/H
   51   53   58   65   73   80   85   87   85   82   77   72   69   69   70   73
   77   79   81   82   82   83   85   88   92   95   98   99   99   98   95   92
   91   91   94   98  102  105  105  102   97   91   84   77   71   66   62   60
   57   55   53   51   50   51   53   56   59   61   62   63   65   67   70   72
   74   73   71   67   62   57   53   51   51
    45.0-180.0 180.0   5.0 450.0                            LAT/LON1/LON2/DLON/H
   52   53   58   65   74   83   90   94   93   90   84   78   74   72   73   76
   80   83   85   86   86   87   90   93   98  102  104  106  105  103  100   98
   98  100  105  112  118  122  123  119  113  105   96   88   80   75   71   68
   66   64   61   58   57   58   60   63   66   67   68   68   68   69   72   74
   76   76   74   70   65   61   57   53   52
    42.5-180.0 180.0   5.0 450.0                            LAT/LON1/LON2/DLON/H
   54   53   57   63   73   83   92   98  100   98   93   86   81   78   78   81
   85   88   91   92   92   94   97  101  106  109  111  112  111  109  107  105
  106  109  117  125  133  138  138  134  126  117  106   96   87   81   77   75
   73   70   67   64   62   63   66   68   71   71   70   69   69   70   72   74
   76   77   75   72   68   64   60   56   54
    40.0-180.0 180.0   5.0 450.0                            LAT/LON1/LON2/DLON/H
   55   53   55   60   69   81   91  100  105  105  102   96   90   86   86   88
   92   95   98   99  100  103  106  111  115  117  118  118  117  115  114  113
  115  120  128  138  147  151  151  146  137  125  113  102   92   85   81   78
   77   74   70   67   65   66   69   72   73   73   71   69   68   68   71   74
   76   77   75   73   70   66   62   58   55
    37.5-180.0 180.0   5.0 450.0                            LAT/LON1/LON2/DLON/H
   56   53   53   57   65   76   88   99  107  111  110  106  101   97   96   97
  100  103  105  107  110  113  117  121  124  125  124  123  122  122  122  124
  127  133  141  151  158  162  160  154  144  131  118  105   94   86   82   79
   78   75   71   67   66   67   70   73   74   72   70   67   66   67   70   73
   76   76   75   73   70   67   64   60   56
    35.0-180.0 180.0   5.0 450.0                            LAT/LON1/LON2/DLON/H
   55   52   51   53   60   70   82   95  106  114  117  116  113  109  107  107
  108  109  112  115  119  123  128  131  133  132  130  128  128  130  133  137
  142  148  156  164  169  171  167  159  149  136  122  108   96   87   82   79
   76   73   69   66   65   67   70   72   72   70   67   65   65   67   70   74
   77   77   75   72   68   65   63   59   55
    32.5-180.0 180.0   5.0 450.0                            LAT/LON1/LON2/DLON/H
   53   49   48   50   55   64   76   90  104  115  122  124  123  121  118  116
  115  115  117  121  126  132  136  139  139  137  134  133  135  140  147  154
  160  167  173  178  181  179  173  164  153  140  125  111   98   88   82   78
   75   71   66   63   63   65   68   70   69   67   64   63   64   67   72   76
   79   78   74   70   65   62   59   56   53
    30.0-180.0 180.0   5.0 450.0                            LAT/LON1/LON2/DLON/H
   49   47   46   48   53   61   72   86  101  115  125  130  132  131  128  124
  121  120  121  126  132  138  143  145  144  141  139  139  144  154  164  174
  182  188  192  195  194  189  180  170  158  145  130  116  102   91   84   79
   75   70   64   61   61   63   66   68   67   64   62   61   64   70   76   81
   82   80   74   68   61   57   54   51   49
    27.5-180.0 180.0   5.0 450.0                            LAT/LON1/LON2/DLON/H
   44   43   44   48   53   60   70   83   98  113  125  133  137  138  136  132
  127  124  124  129  136  142  146  148  147  145  145  148  157  171  185  198
  207  212  214  213  208  200  189  177  165  151  137  123  109   98   90   84
   78   72   65   61   61   63   65   66   65   62   60   62   67   74   82   87
   87   83   75   66   57   51   47   45   44
    25.0-180.0 180.0   5.0 450.0                            LAT/LON1/LON2/DLON/H
   39   41   44   49   56   63   72   84   98  112  125  134  140  143  142  138
  133  129  129  133  139  145  148  150  151  152  155  162  176  192  209  223
  233  237  237  233  225  214  201  187  174  161  147  133  120  108  100   93
   86   78   71   66   64   66   68   68   66   63   62   64   71   80   88   94
   93   87   77   65   55   47   42   40   39
    22.5-180.0 180.0   5.0 450.0                            LAT/LON1/LON2/DLON/H
   36   39   45   52   61   69   78   88  100  113  124  134  141  146  148  146
  141  137  136  140  145  149  151  154  157  162  170  183  199  218  236  250
  259  262  260  254  243  229  214  200  186  172  159  146  133  123  114  106
   98   90   82   76   73   73   74   73   70   67   66   70   77   87   96  101
  100   92   81   67   55   45   39   36   36
    20.0-180.0 180.0   5.0 450.0                            LAT/LON1/LON2/DLON/H
   36   39   46   56   67   77   85   94  104  115  125  134  142  149  154  155
  152  149  149  151  154  156  158  162  169  179  192  209  228  247  264  276
  283  284  281  272  260  245  229  214  200  186  173  160  149  140  132  124
  116  107   98   91   87   85   84   82   79   76   74   78   85   95  104  108
  106   97   85   71   57   47   40   37   36
    17.5-180.0 180.0   5.0 450.0                            LAT/LON1/LON2/DLON/H
   39   41   47   59   72   84   93  101  110  119  127  135  144  153  161  166
  167  166  166  167  168  168  169  175  186  202  220  240  259  277  291  300
  304  303  298  289  275  260  245  230  216  202  188  177  167  159  151  144
  136  127  118  110  105  101   99   96   92   88   86   88   95  104  112  115
  111  102   90   76   63   53   45   40   39
    15.0-180.0 180.0   5.0 450.0                            LAT/LON1/LON2/DLON/H
   44   43   49   60   74   88   99  108  116  124  132  139  147  157  169  178
  183  186  188  188  187  186  187  195  211  231  253  274  292  306  316  320
  320  317  311  301  288  274  261  247  233  218  204  193  184  177  170  163
  155  147  138  130  124  119  116  112  107  102   99  100  105  112  118  119
  115  105   94   82   71   61   53   47   44
    12.5-180.0 180.0   5.0 450.0                            LAT/LON1/LON2/DLON/H
   50   46   49   59   74   89  102  113  122  131  138  144  152  164  178  191
  201  207  211  212  210  208  211  222  241  265  287  307  322  331  336  335
  332  326  319  310  299  287  275  263  249  234  220  208  199  192  186  179
  172  164  156  148  141  135  131  127  122  117  112  111  114  119  123  122
  116  107   97   87   78   70   63   56   50
    10.0-180.0 180.0   5.0 450.0                            LAT/LON1/LON2/DLON/H
   56   49   48   56   71   88  103  115  126  137  146  152  160  171  186  203
  216  226  233  235  234  234  239  253  275  299  320  336  346  351  350  345
  338  331  324  315  306  296  288  277  265  249  234  221  211  204  197  190
  182  175  167  160  153  147  142  138  134  129  123  120  121  125  126  123
  115  105   97   90   84   77   71   64   56
     7.5-180.0 180.0   5.0 450.0                            LAT/LON1/LON2/DLON/H
   61   51   47   52   67   84  101  115  129  142  153  161  169  180  195  212
  228  241  250  255  257  259  268  285  308  330  348  358  363  363  359  351
  342  333  325  318  310  304  297  289  277  261  244  229  218  209  201  193
  185  177  170  163  157  151  146  143  140  135  129  125  125  127  127  121
  112  102   95   90   86   82   77   70   61
     5.0-180.0 180.0   5.0 450.0                            LAT/LON1/LON2/DLON/H
   63   52   46   49   63   81   99  115  130  147  160  170  178  188  203  220
  237  251  263  270  276  282  295  315  337  356  368  372  372  369  363  353
  343  333  326  319  313  308  303  295  284  267  249  232  218  208  198  188
  179  171  164  157  151  146  142  140  138  134  129  125  125  126  124  117
  106   96   90   87   85   83   79   73   63
     2.5-180.0 180.0   5.0 450.0                            LAT/LON1/LON2/DLON/H
   63   52   45   48   61   79   97  114  131  149  166  179  188  197  210  225
  242  257  270  280  290  301  318  339  360  374  379  378  374  370  363  353
  343  333  325  319  313  308  303  296  284  266  247  228  212  199  188  176
  166  157  149  143  137  132  129  128  127  125  122  120  120  122  120  111
   99   89   84   82   81   80   77   72   63
