path_delay/I2017-03-16
     1.0            IONOSPHERE MAPS     GNSS                IONEX VERSION / TYPE
ADDNEQ2 V5.3        AIUB                20-MAR-17 23:39     PGM / RUN BY / DATE 
CODE'S GLOBAL IONOSPHERE MAPS FOR DAY 075, 2017             COMMENT             
Global ionosphere maps (GIM) are generated on a daily basis DESCRIPTION         
at CODE using data from about 300 GNSS sites of the IGS and DESCRIPTION         
other institutions. The vertical total electron content     DESCRIPTION         
(VTEC) is modeled in a solar-geomagnetic reference frame    DESCRIPTION         
using a spherical harmonics expansion up to degree and      DESCRIPTION         
order 15. Piece-wise linear functions are used for          DESCRIPTION         
representation in the time domain. The time spacing of      DESCRIPTION         
their vertices is 1 hour, conforming with the epochs of the DESCRIPTION         
VTEC maps.                                                  DESCRIPTION         
To convert line-of-sight TEC into vertical TEC, a modified  DESCRIPTION         
single-layer model mapping function approximating the JPL   DESCRIPTION         
extended slab model mapping function is adopted. The        DESCRIPTION         
mapping function is evaluated at geodetic satellite         DESCRIPTION         
elevation angles. For the computation of the ionospheric    DESCRIPTION         
pierce points, a spherical layer with a radius of 6821 km   DESCRIPTION         
is assumed, implying geocentric, not geodetic IONEX         DESCRIPTION         
latitudes.                                                  DESCRIPTION         
Instrumental biases with respect to each involved GNSS code DESCRIPTION         
observable are estimated as constant values for each        DESCRIPTION         
day. They are modeled with one set of bias parameters for   DESCRIPTION         
each satellite and each station in case of GPS and for each DESCRIPTION         
satellite-station link in case of GLONASS. The code bias    DESCRIPTION         
datum is defined by zero-mean conditions imposed on the     DESCRIPTION         
satellite bias estimates. In this file, just GPS C1W-C2W    DESCRIPTION         
satellite and station bias values are included. The         DESCRIPTION         
complete set of GNSS code bias results is provided in an    DESCRIPTION         
additional Bias-SINEX file as pseudo-absolute values        DESCRIPTION         
specific to each observable.                                DESCRIPTION         
Note: These GIM results correspond to the results for the   DESCRIPTION         
middle day of a 3-day combination analysis solving for 73   DESCRIPTION         
times 256, or 18688 VTEC parameters and 3 daily sets of     DESCRIPTION         
GNSS code bias parameters.                                  DESCRIPTION         
Contact address: code(at)aiub.unibe.ch                      DESCRIPTION         
Data archive:    ftp.unibe.ch/aiub/CODE/                    DESCRIPTION         
                 www.aiub.unibe.ch/download/CODE/           DESCRIPTION         
  2017     3    16     0     0     0                        EPOCH OF FIRST MAP  
  2017     3    17     0     0     0                        EPOCH OF LAST MAP   
  3600                                                      INTERVAL            
[...]
fair faiv flin flrs frdn ftna func ganp glps glsv gmsd gode COMMENT             
godz gol2 gold gope gras graz guam guat guug harb hers hert COMMENT             
hlfx hnlc hnpt hob2 hofn holb hrao hyde iddr ieng ineg invk COMMENT             
iqal irkj isba ispa jog2 joz2 joze karr kat1 kely kerg khar COMMENT             
kir0 kiri kiru kit3 kokb kokv kouc koug kour krgg lama laut COMMENT             
lhaz lmmf lpal lpgs m0se mac1 madr mag0 maju mal2 mana mas1 COMMENT             
mat1 mate maui maw1 mbar mcm4 mdvj medi mets mgue mizu mkea COMMENT             
mnls mobj mobk mobs monp morp mqzg mro1 mtka nain nano naur COMMENT             
nico nist nium nklg nlib nnor not1 novm nrc1 nrmd nya1 nyal COMMENT             
ohi2 ohi3 onsa opmt ous2 pado palv parc park pbri pdel penc COMMENT             
pert pfa2 pie1 pimo pol2 polv pots pove prds ptag ptbb qaq1 COMMENT             
quin rabt ramo recf reso reun reyk rgdg rio2 riop roth salu COMMENT             
samo sant savo sch2 scor scrz sctb scub seyg sfer sofi spt0 COMMENT             
sthl stjo stk2 str2 suth sutm sutv suwn sydn syog tabl tabv COMMENT             
tash thtg thti thu2 thu3 tid1 tidb tixg tixi tlse tn22 tnml COMMENT             
tong tow2 tro1 tsea tskb tuva twtf txes uclu ufpr ulab unbj COMMENT             
unsa urum urus usn7 usud vaco vald vill voim vtsp wab1 wab2 COMMENT             
wgtn whit will wind wsrt wtza wtzr wtzs wtzz xmis yakt yar2 COMMENT             
yar3 yarr ycba yell ykro yssk zamb zeck zim2 zim3 zimj zimm COMMENT             
                                                            END OF HEADER       
[from data line 2145]
     6                                                      START OF TEC MAP    
  2017     3    16     5     0     0                        EPOCH OF CURRENT MAP
    87.5-180.0 180.0   5.0 450.0                            LAT/LON1/LON2/DLON/H
   47   47   47   48   48   48   48   48   48   48   48   48   49   49   49   49
   49   49   49   49   49   49   49   49   49   49   49   49   49   49   50   50
   50   50   50   51   51   51   51   51   51   51   52   52   52   52   52   52
   52   52   51   51   51   51   51   50   50   50   50   49   49   49   48   48
   48   48   48   47   47   47   47   47   47
    85.0-180.0 180.0   5.0 450.0                            LAT/LON1/LON2/DLON/H
   44   44   45   45   45   46   46   46   47   47   47   47   47   47   47   47
   47   46   46   46   46   45   45   45   45   45   45   45   46   46   46   47
   47   48   48   49   50   50   51   51   52   52   53   53   54   54   54   54
   54   54   54   54   54   53   53   52   51   51   50   49   48   48   47   46
   46   45   45   44   44   44   44   44   44
    82.5-180.0 180.0   5.0 450.0                            LAT/LON1/LON2/DLON/H
   42   42   42   43   43   44   45   45   45   45   46   45   45   45   44   44
   43   42   42   41   40   39   39   39   38   38   38   39   39   40   40   41
   42   44   45   46   47   48   49   50   51   52   53   54   55   56   56   57
   57   58   58   58   58   57   57   56   55   54   53   51   50   49   47   46
   45   44   43   42   42   41   41   41   42
    80.0-180.0 180.0   5.0 450.0                            LAT/LON1/LON2/DLON/H
   41   41   42   42   43   43   43   44   44   44   43   43   42   41   40   39
   38   37   35   34   33   32   31   31   30   30   30   31   31   32   34   35
   37   39   40   42   44   45   47   48   50   51   52   54   55   57   58   60
   61   62   63   64   64   64   63   62   61   60   58   56   54   53   51   49
   47   46   45   43   43   42   41   41   41
    77.5-180.0 180.0   5.0 450.0                            LAT/LON1/LON2/DLON/H
   44   44   43   43   43   43   43   42   42   41   40   39   37   36   34   33
   31   30   29   28   27   26   25   24   24   23   24   24   25   26   28   30
   32   34   36   38   40   42   44   45   47   48   50   52   54   57   59   62
   64   67   68   70   71   71   70   70   68   67   65   63   61   59   57   55
   53   51   50   49   47   46   45   45   44
    75.0-180.0 180.0   5.0 450.0                            LAT/LON1/LON2/DLON/H
   50   49   47   46   45   44   43   41   40   38   36   34   32   30   28   26
   25   24   23   23   22   22   21   21   20   20   20   21   21   23   24   26
   29   31   33   35   37   39   40   41   43   44   46   49   52   55   59   63
   67   71   74   76   77   77   77   76   74   73   71   69   67   65   64   62
   61   60   58   57   56   54   53   52   50
    72.5-180.0 180.0   5.0 450.0                            LAT/LON1/LON2/DLON/H
   58   56   53   51   48   45   43   40   37   34   31   28   26   23   21   20
   20   20   20   20   21   21   21   21   21   21   20   21   21   22   23   25
   27   29   31   33   34   35   36   37   38   39   42   45   49   54   59   65
   70   74   78   80   81   81   80   79   77   76   74   72   71   70   69   69
   68   68   68   67   66   65   63   61   58
    70.0-180.0 180.0   5.0 450.0                            LAT/LON1/LON2/DLON/H
   67   63   59   55   51   47   43   40   36   32   28   24   21   18   16   16
   16   17   19   21   23   24   25   25   25   24   24   23   23   23   24   25
   26   27   29   30   30   31   31   31   32   34   37   41   46   53   59   66
   72   77   81   82   83   82   80   78   76   74   73   72   71   71   72   73
   74   75   75   76   75   75   73   70   67
    67.5-180.0 180.0   5.0 450.0                            LAT/LON1/LON2/DLON/H
   75   70   65   60   54   49   44   39   34   30   25   21   17   15   13   14
   15   17   20   23   26   28   29   29   29   29   28   27   26   26   25   25
   25   26   26   26   26   26   26   26   27   29   33   38   45   53   61   69
   75   80   82   83   82   80   77   74   72   70   69   68   69   70   71   73
   75   78   80   81   82   82   81   78   75
    65.0-180.0 180.0   5.0 450.0                            LAT/LON1/LON2/DLON/H
   80   75   70   63   57   51   45   40   34   29   24   20   16   13   13   13
   15   18   22   25   28   30   31   32   32   32   31   30   29   28   27   25
   24   23   22   21   21   21   20   21   23   26   31   37   46   55   64   72
   78   82   84   83   80   77   73   69   66   65   64   64   65   67   69   72
   74   77   80   83   85   86   86   84   80
    62.5-180.0 180.0   5.0 450.0                            LAT/LON1/LON2/DLON/H
   83   79   73   66   59   53   46   41   35   30   25   20   16   14   14   14
   17   19   23   25   28   29   30   31   31   31   31   31   30   29   27   25
   22   20   18   17   16   16   16   18   21   25   31   40   49   59   69   77
   83   85   85   83   79   74   70   66   64   63   63   64   65   67   68   70
   73   75   78   82   84   86   87   86   83
    60.0-180.0 180.0   5.0 450.0                            LAT/LON1/LON2/DLON/H
   84   81   75   69   62   55   49   43   37   32   27   22   18   16   16   16
   18   20   22   24   25   25   26   26   27   28   28   29   29   28   26   24
   20   17   14   12   12   12   14   17   21   27   35   45   55   66   76   83
   88   89   88   85   80   76   72   69   68   67   68   69   70   71   72   72
   73   74   76   79   82   84   86   86   84
    57.5-180.0 180.0   5.0 450.0                            LAT/LON1/LON2/DLON/H
   85   83   78   72   65   59   52   46   40   34   29   24   21   19   18   18
   19   20   20   20   20   19   19   19   20   22   25   27   28   28   26   23
   19   15   12   10   10   11   14   19   25   33   42   53   64   74   83   90
   93   94   92   89   86   82   80   78   78   79   81   82   82   82   81   79
   78   77   77   78   80   82   84   85   85
    55.0-180.0 180.0   5.0 450.0                            LAT/LON1/LON2/DLON/H
   86   85   82   77   71   64   57   50   44   38   32   27   23   21   20   20
   20   19   18   17   15   13   13   14   16   19   22   25   27   28   27   24
   20   16   13   12   12   14   18   25   32   41   51   62   73   82   90   96
   99   99   98   97   95   94   94   94   95   97   99  100   99   98   95   91
   87   84   81   80   80   81   83   85   86
    52.5-180.0 180.0   5.0 450.0                            LAT/LON1/LON2/DLON/H
   88   89   87   83   77   70   63   56   48   41   35   29   25   22   21   21
   20   19   17   15   12   11   11   12   15   19   23   27   29   30   29   27
   24   20   17   16   17   20   25   33   42   52   62   72   82   90   97  102
  104  106  106  107  108  109  111  113  114  116  118  119  118  115  111  106
  100   95   90   86   83   83   84   86   88
    50.0-180.0 180.0   5.0 450.0                            LAT/LON1/LON2/DLON/H
   91   93   93   90   85   78   70   62   54   45   38   31   26   24   23   22
   22   20   18   16   14   14   15   18   22   26   29   32   34   34   34   32
   29   27   25   24   25   28   34   43   52   63   73   82   90   97  103  107
  110  112  115  118  122  125  128  130  132  133  134  134  133  130  125  120
  114  108  101   95   90   87   86   88   91
    47.5-180.0 180.0   5.0 450.0                            LAT/LON1/LON2/DLON/H
   94   97   99   97   93   86   78   69   60   50   41   34   28   26   25   24
   24   24   22   21   21   23   26   30   34   38   40   41   41   40   39   38
   36   35   34   33   34   38   44   53   63   74   83   91   98  103  108  111
  115  118  123  129  134  139  142  143  143  143  143  142  141  138  134  130
  125  119  113  105   98   92   90   91   94
    45.0-180.0 180.0   5.0 450.0                            LAT/LON1/LON2/DLON/H
   95   99  102  102   98   92   85   76   66   56   46   38   32   29   28   29
   29   30   30   31   33   36   41   46   50   53   53   51   49   46   45   44
   44   43   43   43   43   47   53   62   72   83   92   99  104  108  112  116
  120  124  130  137  144  148  149  149  147  145  144  144  142  140  137  134
  131  128  122  114  105   97   92   92   95
    42.5-180.0 180.0   5.0 450.0                            LAT/LON1/LON2/DLON/H
   95   99  103  103  101   96   89   82   73   63   53   45   38   35   34   35
   36   38   39   42   46   51   57   63   66   67   65   60   55   51   49   49
   50   51   51   51   51   54   59   69   80   91   99  106  110  113  117  121
  125  130  136  143  149  152  152  149  145  143  142  142  140  138  136  134
  134  133  129  121  111  101   94   93   95
    40.0-180.0 180.0   5.0 450.0                            LAT/LON1/LON2/DLON/H
   94   97  100  101  100   96   91   85   78   70   61   53   47   44   43   44
   45   48   50   54   58   64   71   76   79   78   73   67   59   54   52   52
   54   56   57   57   56   58   63   73   85   96  105  111  115  118  122  125
  129  134  139  145  150  152  150  146  143  141  142  142  141  139  136  134
  135  135  133  127  117  105   97   93   94
    37.5-180.0 180.0   5.0 450.0                            LAT/LON1/LON2/DLON/H
   93   95   97   97   96   93   90   87   82   76   70   63   58   55   53   54
   56   58   61   64   68   74   79   83   84   82   76   68   60   55   52   54
   57   60   61   60   59   60   65   75   87  100  110  116  120  123  126  130
  133  136  140  145  149  151  150  147  146  147  151  154  153  149  143  140
  139  140  139  134  124  112  101   95   93
    35.0-180.0 180.0   5.0 450.0                            LAT/LON1/LON2/DLON/H
   97   95   94   93   91   89   87   86   84   81   77   73   69   66   65   65
   66   68   70   72   75   78   82   84   84   81   74   66   59   54   52   54
   58   62   63   62   60   60   64   75   88  102  113  119  123  127  131  134
  137  138  140  144  148  152  153  155  159  166  175  180  180  173  164  156
  153  151  150  145  135  123  111  102   97
    32.5-180.0 180.0   5.0 450.0                            LAT/LON1/LON2/DLON/H
  107  100   95   91   87   84   83   83   83   84   83   81   79   77   76   75
   76   76   77   77   78   79   80   80   78   75   69   62   56   53   52   55
   59   62   63   62   59   58   63   73   88  103  114  121  125  129  134  137
  139  139  140  144  150  158  165  173  185  199  214  223  222  213  200  187
  178  173  169  163  154  142  128  116  107
    30.0-180.0 180.0   5.0 450.0                            LAT/LON1/LON2/DLON/H
  124  112  102   93   86   81   79   79   81   83   85   86   86   85   84   83
   83   82   81   80   78   77   76   74   71   67   63   58   54   52   53   56
   59   62   63   61   58   57   60   71   86  101  113  120  125  130  135  139
  140  140  141  147  157  171  185  201  221  243  263  276  276  265  248  230
  215  205  198  191  182  169  154  138  124
    27.5-180.0 180.0   5.0 450.0                            LAT/LON1/LON2/DLON/H
  149  131  115  102   91   83   78   77   78   81   84   88   90   90   89   89
   87   86   84   81   78   75   72   69   65   62   59   56   54   53   54   57
   60   61   62   60   56   55   58   68   83   99  111  118  123  129  135  139
  141  141  145  154  170  189  211  234  261  290  315  331  332  321  301  279
  260  244  234  226  217  204  188  168  149
    25.0-180.0 180.0   5.0 450.0                            LAT/LON1/LON2/DLON/H
  179  155  134  116  101   89   80   75   74   76   81   85   89   91   91   90
   89   87   84   81   77   74   71   67   63   60   58   56   55   56   57   58
   59   60   60   58   55   53   56   65   79   94  106  114  120  126  133  139
  143  145  152  166  187  212  239  268  299  331  358  375  378  368  350  327
  305  287  273  263  255  243  226  203  179
    22.5-180.0 180.0   5.0 450.0                            LAT/LON1/LON2/DLON/H
  210  182  158  136  117  100   87   77   72   72   76   81   85   88   88   88
   87   85   83   80   77   74   72   68   65   62   59   58   58   58   59   59
   58   58   58   56   53   51   53   61   75   89  101  109  116  123  132  140
  146  152  163  181  206  235  264  294  326  357  384  401  405  399  384  365
  344  324  309  299  291  280  263  238  210
    20.0-180.0 180.0   5.0 450.0                            LAT/LON1/LON2/DLON/H
  238  209  182  158  136  115   97   83   73   70   71   75   80   82   83   83
   83   81   79   77   76   75   74   72   68   65   63   62   61   61   60   58
   57   55   55   54   51   49   50   57   70   84   96  105  112  121  132  142
  151  162  177  199  226  255  283  311  339  366  388  403  409  407  399  386
  369  351  336  327  320  311  293  268  238
    17.5-180.0 180.0   5.0 450.0                            LAT/LON1/LON2/DLON/H
  261  232  206  182  158  134  112   92   78   71   69   71   74   77   78   78
   77   76   75   74   74   75   76   75   72   69   66   64   63   62   60   57
   54   53   52   51   49   46   46   53   65   80   93  102  110  121  133  146
  159  173  192  216  243  270  294  316  337  357  373  384  390  393  393  389
  378  364  351  343  339  331  315  290  261
    15.0-180.0 180.0   5.0 450.0                            LAT/LON1/LON2/DLON/H
  277  251  227  204  180  154  129  106   88   77   71   71   72   72   73   73
   72   72   71   70   71   74   75   76   74   71   68   66   64   62   59   56
   52   50   50   49   47   44   43   50   62   78   91  101  111  122  136  151
  167  184  206  231  257  280  298  313  327  338  347  353  358  365  373  377
  374  365  355  349  346  340  326  303  277
    12.5-180.0 180.0   5.0 450.0                            LAT/LON1/LON2/DLON/H
  287  266  246  225  202  175  148  123  102   88   79   75   73   71   70   70
   69   69   67   67   68   71   73   74   73   71   69   66   64   62   59   55
   51   49   49   48   46   42   41   47   61   77   92  103  113  125  140  157
  174  194  217  242  265  284  297  306  313  318  320  321  325  334  347  358
  361  358  352  348  346  341  329  310  287
    10.0-180.0 180.0   5.0 450.0                            LAT/LON1/LON2/DLON/H
  295  279  264  246  223  196  168  142  120  103   91   84   78   74   72   70
   70   69   67   66   67   68   70   71   71   70   68   66   64   62   59   56
   53   51   50   49   45   41   40   47   61   78   94  105  116  129  144  160
  179  200  223  247  268  284  295  302  305  306  304  301  303  312  326  340
  348  349  346  344  343  339  328  312  295
     7.5-180.0 180.0   5.0 450.0                            LAT/LON1/LON2/DLON/H
  303  293  281  265  243  216  188  162  140  122  108   97   88   82   78   76
   75   73   71   69   68   69   69   70   70   70   69   68   66   64   62   59
   56   54   53   51   46   41   40   48   63   81   96  108  118  130  145  161
  180  201  224  247  267  283  294  302  307  308  304  300  299  305  318  332
  342  346  345  344  343  338  328  316  303
     5.0-180.0 180.0   5.0 450.0                            LAT/LON1/LON2/DLON/H
  314  308  299  284  261  234  206  182  161  143  127  114  102   93   88   86
   85   83   81   78   75   74   73   72   73   73   73   72   70   68   66   63
   60   59   57   54   48   42   41   49   65   83   98  109  119  130  143  159
  176  196  219  242  263  280  296  309  319  323  322  317  315  318  326  337
  346  351  352  351  348  342  333  323  314
     2.5-180.0 180.0   5.0 450.0                            LAT/LON1/LON2/DLON/H
  328  324  317  301  278  250  222  199  180  163  147  131  118  108  102  100
   99   97   95   91   88   85   82   81   81   81   81   79   76   73   71   68
   65   63   62   58   51   44   43   51   66   84   98  108  116  126  138  152
  168  187  209  232  255  277  299  319  336  346  350  348  345  344  347  352
  359  364  366  365  361  353  343  334  328
