path_delay/I2017-03-26
     1.0            IONOSPHERE MAPS     GNSS                IONEX VERSION / TYPE
ADDNEQ2 V5.3        AIUB                30-MAR-17 20:28     PGM / RUN BY / DATE 
CODE'S GLOBAL IONOSPHERE MAPS FOR DAY 085, 2017             COMMENT             
Global ionosphere maps (GIM) are generated on a daily basis DESCRIPTION         
at CODE using data from about 300 GNSS sites of the IGS and DESCRIPTION         
other institutions. The vertical total electron content     DESCRIPTION         
(VTEC) is modeled in a solar-geomagnetic reference frame    DESCRIPTION         
using a spherical harmonics expansion up to degree and      DESCRIPTION         
order 15. Piece-wise linear functions are used for          DESCRIPTION         
representation in the time domain. The time spacing of      DESCRIPTION         
their vertices is 1 hour, conforming with the epochs of the DESCRIPTION         
VTEC maps.                                                  DESCRIPTION         
To convert line-of-sight TEC into vertical TEC, a modified  DESCRIPTION         
single-layer model mapping function approximating the JPL   DESCRIPTION         
extended slab model mapping function is adopted. The        DESCRIPTION         
mapping function is evaluated at geodetic satellite         DESCRIPTION         
elevation angles. For the computation of the ionospheric    DESCRIPTION         
pierce points, a spherical layer with a radius of 6821 km   DESCRIPTION         
is assumed, implying geocentric, not geodetic IONEX         DESCRIPTION         
latitudes.                                                  DESCRIPTION         
Instrumental biases with respect to each involved GNSS code DESCRIPTION         
observable are estimated as constant values for each        DESCRIPTION         
day. They are modeled with one set of bias parameters for   DESCRIPTION         
each satellite and each station in case of GPS and for each DESCRIPTION         
satellite-station link in case of GLONASS. The code bias    DESCRIPTION         
datum is defined by zero-mean conditions imposed on the     DESCRIPTION         
satellite bias estimates. In this file, just GPS C1W-C2W    DESCRIPTION         
satellite and station bias values are included. The         DESCRIPTION         
complete set of GNSS code bias results is provided in an    DESCRIPTION         
additional Bias-SINEX file as pseudo-absolute values        DESCRIPTION         
specific to each observable.                                DESCRIPTION         
Note: These GIM results correspond to the results for the   DESCRIPTION         
middle day of a 3-day combination analysis solving for 73   DESCRIPTION         
times 256, or 18688 VTEC parameters and 3 daily sets of     DESCRIPTION         
GNSS code bias parameters.                                  DESCRIPTION         
Contact address: code(at)aiub.unibe.ch                      DESCRIPTION         
Data archive:    ftp.unibe.ch/aiub/CODE/                    DESCRIPTION         
                 www.aiub.unibe.ch/download/CODE/           DESCRIPTION         
  2017     3    26     0     0     0                        EPOCH OF FIRST MAP  
  2017     3    27     0     0     0                        EPOCH OF LAST MAP   
  3600                                                      INTERVAL            
[...]
flin flrs frdn ftna func ganp glps glsv gmsd gode godz gol2 COMMENT             
gold gope gras graz guam guat guug harb hers hert hlfx hnlc COMMENT             
hnpt hob2 hofn holb hrao hyde iddr ieng iisc ineg invk iqal COMMENT             
irkj isba ispa jog2 joz2 joze karr kat1 kely kerg khar kir0 COMMENT             
kiri kiru kit3 kokb kokv koug kour krgg lama laut lhaz lmmf COMMENT             
lpal lpgs m0se mac1 madr maju mal2 mana mas1 mat1 mate maui COMMENT             
maw1 mcil mcm4 mdo1 mdvj medi mets mgue mizu mkea mnls mobj COMMENT             
mobk mobs monp morp mqzg mro1 mtka nain nano naur nico nist COMMENT             
nium nklg nlib nnor not1 novm nrc1 nrmd nya1 nyal ohi2 ohi3 COMMENT             
onsa opmt ous2 pado palv parc park pbri pdel penc pert pfa2 COMMENT             
pie1 pimo pol2 polv pots pove prds ptag ptbb qaq1 quin rabt COMMENT             
ramo rbay recf reun reyk rgdg rio2 riop roth salu samo sant COMMENT             
savo sch2 scor scrz sctb scub seyg sfer sofi spt0 sthl stjo COMMENT             
stk2 str2 suth sutm sutv suwn sydn syog tabl tabv tash thtg COMMENT             
thti thu2 thu3 tid1 tidb tixg tixi tlse tn22 tnml tong tow2 COMMENT             
tro1 tsea tskb tuva twtf txes uclu ufpr ulab unbj unsa untr COMMENT             
urum urus usn7 usud vaco vald vill voim vtsp wab1 wab2 wark COMMENT             
wgtn whit will wind wsrt wtza wtzr wtzs wtzz yakt yar2 yar3 COMMENT             
yarr ycba yell ykro yssk zamb zeck zim2 zim3 zimj zimm      COMMENT             
                                                            END OF HEADER       
[from data line 8151]
    20                                                      START OF TEC MAP    
  2017     3    26    19     0     0                        EPOCH OF CURRENT MAP
    87.5-180.0 180.0   5.0 450.0                            LAT/LON1/LON2/DLON/H
   66   67   67   67   68   68   68   69   69   69   69   69   69   69   69   68
   68   67   67   66   65   65   64   63   62   61   60   58   57   56   55   54
   53   53   52   51   50   50   50   49   49   49   49   49   49   49   50   50
   51   51   52   53   53   54   55   56   56   57   58   59   59   60   61   61
   62   62   63   63   64   65   65   66   66
    85.0-180.0 180.0   5.0 450.0                            LAT/LON1/LON2/DLON/H
   67   68   69   70   71   72   73   74   75   76   77   77   78   78   78   78
   77   76   75   74   73   71   69   67   65   63   61   59   56   54   52   50
   47   46   44   42   41   40   39   38   38   38   38   38   39   40   40   42
   43   44   45   47   48   50   51   53   54   55   56   57   58   59   60   61
   61   62   63   63   64   65   65   66   67
    82.5-180.0 180.0   5.0 450.0                            LAT/LON1/LON2/DLON/H
   62   64   65   67   69   71   73   75   77   79   81   83   84   85   86   86
   86   85   84   83   81   79   77   74   71   68   64   61   58   54   51   48
   45   42   39   37   35   33   31   30   30   29   29   30   30   31   33   34
   36   38   40   42   44   46   48   50   51   53   54   55   56   56   57   57
   57   58   58   58   59   59   60   61   62
    80.0-180.0 180.0   5.0 450.0                            LAT/LON1/LON2/DLON/H
   54   56   58   60   63   66   69   73   76   79   83   85   88   90   91   92
   93   93   92   91   89   86   84   81   77   74   70   66   62   58   54   50
   46   42   39   36   33   31   29   27   26   25   25   25   25   26   27   28
   30   32   34   37   39   41   43   45   47   49   50   51   51   51   51   51
   50   50   50   50   50   50   51   52   54
    77.5-180.0 180.0   5.0 450.0                            LAT/LON1/LON2/DLON/H
   45   47   50   53   56   60   64   68   73   77   81   85   89   92   94   96
   96   97   96   95   94   92   90   87   84   80   77   73   68   64   60   56
   51   47   43   40   37   34   31   29   27   25   24   24   23   23   23   24
   25   27   29   31   33   35   38   40   41   43   43   44   44   43   43   42
   41   40   39   39   40   40   41   43   45
    75.0-180.0 180.0   5.0 450.0                            LAT/LON1/LON2/DLON/H
   39   42   45   48   52   55   59   64   69   74   79   83   87   91   93   95
   96   97   97   97   96   94   93   91   88   86   82   79   75   71   67   63
   59   55   51   47   43   40   37   34   31   29   27   25   23   22   21   21
   21   22   23   24   26   28   30   32   34   35   36   36   35   35   33   32
   31   30   30   30   31   32   34   36   39
    72.5-180.0 180.0   5.0 450.0                            LAT/LON1/LON2/DLON/H
   38   41   44   47   50   53   57   61   66   71   76   80   85   88   90   92
   93   94   94   94   94   94   93   92   90   89   86   84   81   77   74   70
   66   62   58   54   50   47   43   40   36   33   30   28   25   22   20   19
   17   17   17   18   19   21   22   24   26   27   28   28   27   26   25   24
   23   22   22   23   25   28   31   34   38
    70.0-180.0 180.0   5.0 450.0                            LAT/LON1/LON2/DLON/H
   42   46   49   52   53   55   57   60   64   68   73   78   82   84   86   88
   89   89   90   90   91   91   91   91   90   89   88   86   84   81   78   75
   71   67   63   59   55   51   47   44   40   37   33   30   26   23   20   17
   15   13   12   12   13   14   15   17   19   20   21   21   21   20   19   18
   18   18   19   21   24   28   33   38   42
    67.5-180.0 180.0   5.0 450.0                            LAT/LON1/LON2/DLON/H
   51   55   58   59   60   59   60   61   64   68   72   76   80   82   83   83
   84   84   85   86   88   88   89   89   89   88   87   85   84   82   79   76
   73   69   65   61   57   53   48   45   41   38   34   31   27   24   20   16
   13   11    9    8    9    9   11   12   14   15   16   16   17   17   17   17
   17   17   19   22   26   32   38   45   51
    65.0-180.0 180.0   5.0 450.0                            LAT/LON1/LON2/DLON/H
   60   66   68   69   67   65   64   64   66   69   73   77   79   81   81   81
   81   82   83   85   86   87   87   87   86   85   84   83   82   80   78   75
   72   68   64   60   55   50   46   43   40   37   34   31   28   25   21   17
   14   11    9    7    7    8    9   10   11   13   14   15   16   17   18   19
   20   21   23   26   30   37   45   53   60
    62.5-180.0 180.0   5.0 450.0                            LAT/LON1/LON2/DLON/H
   67   74   77   77   74   71   68   67   69   72   76   79   81   81   81   80
   80   81   83   86   87   88   88   87   85   84   82   81   80   79   77   74
   70   66   62   56   51   47   43   39   37   35   33   31   29   26   23   19
   16   13   11   10    9    9   10   11   12   13   14   16   18   20   22   24
   26   27   28   30   35   41   50   59   67
    60.0-180.0 180.0   5.0 450.0                            LAT/LON1/LON2/DLON/H
   70   78   82   82   79   75   72   71   73   76   80   83   84   84   83   82
   82   84   86   89   91   91   90   88   85   83   82   81   81   79   77   74
   70   65   60   54   49   44   40   37   35   34   34   33   32   30   27   24
   21   18   16   14   14   14   14   15   15   16   17   19   22   25   29   31
   33   34   34   35   37   43   51   61   70
    57.5-180.0 180.0   5.0 450.0                            LAT/LON1/LON2/DLON/H
   68   77   82   83   82   78   76   75   78   81   85   88   89   88   86   85
   85   88   91   94   96   95   93   90   87   85   85   85   84   83   81   78
   73   67   61   55   49   43   39   37   36   36   37   37   36   35   33   30
   27   25   23   21   21   21   21   21   21   21   22   23   27   31   35   39
   41   41   40   38   38   41   48   58   68
    55.0-180.0 180.0   5.0 450.0                            LAT/LON1/LON2/DLON/H
   62   72   79   82   82   81   80   81   84   88   92   94   94   92   90   88
   89   92   95   98   99   98   95   92   90   89   90   91   92   91   88   84
   79   72   66   59   52   47   43   41   41   42   43   43   43   42   40   37
   35   33   31   29   29   28   28   28   28   27   27   29   32   37   42   46
   48   48   44   40   37   38   43   52   62
    52.5-180.0 180.0   5.0 450.0                            LAT/LON1/LON2/DLON/H
   56   67   75   80   83   84   86   88   92   96  100  101  100   97   94   92
   92   95   98  101  101   99   96   94   93   94   96   99  101  100   98   93
   87   80   73   65   59   54   50   48   49   50   51   52   51   50   48   45
   43   41   39   38   38   37   37   36   36   35   34   35   38   42   48   52
   54   53   48   42   37   35   38   46   56
    50.0-180.0 180.0   5.0 450.0                            LAT/LON1/LON2/DLON/H
   52   62   72   80   85   89   93   98  102  106  108  108  106  102   99   96
   96   97   99  101  101   99   96   95   95   99  103  107  109  109  106  101
   94   87   81   74   68   62   59   58   58   60   61   61   60   58   56   54
   52   50   48   47   46   46   46   45   45   43   42   42   44   48   52   56
   58   56   51   44   37   34   36   42   52
    47.5-180.0 180.0   5.0 450.0                            LAT/LON1/LON2/DLON/H
   52   62   72   81   89   96  103  109  113  116  117  115  113  109  105  102
  100   99  100  100   99   98   96   96   99  103  108  112  115  114  111  106
  100   94   88   82   77   72   69   67   68   69   70   69   68   65   63   61
   60   59   57   56   55   55   55   54   54   53   51   51   51   53   56   59
   60   58   53   46   40   37   38   43   52
    45.0-180.0 180.0   5.0 450.0                            LAT/LON1/LON2/DLON/H
   56   65   74   84   94  104  113  120  124  126  125  123  120  116  113  109
  105  103  101  101  100   99   99  100  102  106  111  114  116  115  112  108
  103   99   94   90   86   81   77   75   75   76   76   75   73   71   69   68
   67   67   66   65   64   63   63   63   63   62   61   59   59   59   60   61
   61   59   54   49   44   42   44   49   56
    42.5-180.0 180.0   5.0 450.0                            LAT/LON1/LON2/DLON/H
   64   71   79   89  100  111  122  130  134  134  132  129  127  125  122  118
  113  109  106  105  104  105  106  107  108  109  111  112  112  111  110  107
  105  103  101   98   94   89   84   80   79   79   80   79   77   75   73   73
   73   73   73   72   70   70   70   70   71   70   69   68   66   65   64   63
   61   59   55   52   49   50   52   57   64
    40.0-180.0 180.0   5.0 450.0                            LAT/LON1/LON2/DLON/H
   73   78   84   93  104  116  128  136  140  140  137  135  134  134  133  129
  124  118  114  113  114  116  117  117  115  112  109  107  107  107  108  108
  108  109  109  108  105   98   90   84   81   81   81   80   79   77   76   77
   78   78   78   77   75   75   75   75   76   76   76   74   72   70   67   64
   61   58   55   53   54   57   61   67   73
    37.5-180.0 180.0   5.0 450.0                            LAT/LON1/LON2/DLON/H
   80   84   89   96  106  118  130  139  143  143  141  139  140  142  143  141
  135  130  127  127  129  132  133  130  124  116  109  105  104  107  112  115
  118  121  123  122  118  109   98   88   83   81   81   81   80   79   79   80
   81   81   80   79   77   77   77   78   78   79   79   78   76   73   70   65
   61   57   54   53   56   62   68   75   80
    35.0-180.0 180.0   5.0 450.0                            LAT/LON1/LON2/DLON/H
   85   88   91   96  105  116  128  138  143  144  143  143  146  150  152  151
  147  143  141  143  147  150  150  144  134  122  112  107  109  116  125  133
  138  141  143  142  136  123  108   94   85   82   82   82   82   81   81   81
   81   81   79   78   76   76   77   77   78   78   79   79   78   75   71   66
   60   55   52   52   56   63   72   80   85
    32.5-180.0 180.0   5.0 450.0                            LAT/LON1/LON2/DLON/H
   86   89   92   95  102  112  124  134  141  144  145  146  150  156  160  160
  157  155  155  159  164  167  165  157  144  131  120  118  124  137  151  162
  167  170  170  167  157  140  120  101   89   85   84   85   84   84   83   82
   80   78   75   73   73   73   74   75   75   75   76   76   76   74   71   66
   60   55   51   51   54   62   71   80   86
    30.0-180.0 180.0   5.0 450.0                            LAT/LON1/LON2/DLON/H
   85   89   92   95  100  108  118  129  139  144  147  150  154  160  165  167
  166  165  168  172  177  178  174  166  154  143  136  139  152  172  190  202
  206  205  201  194  180  159  133  110   96   90   89   89   88   87   84   81
   77   73   69   67   68   70   72   72   72   71   71   72   73   72   69   65
   60   55   51   50   52   59   69   78   85
    27.5-180.0 180.0   5.0 450.0                            LAT/LON1/LON2/DLON/H
   83   89   93   96  100  106  115  127  138  146  152  155  160  165  170  172
  173  175  178  182  185  184  178  171  163  158  160  171  191  216  237  248
  248  241  232  220  201  175  145  120  103   96   95   94   93   90   86   80
   74   68   63   62   64   67   70   71   70   68   67   68   69   69   67   65
   61   57   52   50   51   56   65   75   83
    25.0-180.0 180.0   5.0 450.0                            LAT/LON1/LON2/DLON/H
   84   91   96  100  103  107  115  127  141  152  159  164  167  172  176  180
  182  185  188  191  190  185  179  174  174  179  190  210  236  264  285  293
  287  274  258  240  217  187  155  127  110  103  101  100   97   93   87   81
   73   65   60   59   63   68   72   73   72   68   66   65   66   66   65   63
   61   59   55   52   52   56   64   74   84
    22.5-180.0 180.0   5.0 450.0                            LAT/LON1/LON2/DLON/H
   87   96  103  108  111  114  121  132  147  161  170  175  179  183  187  191
  195  199  202  202  196  187  180  180  189  204  225  252  282  310  327  330
  318  298  275  252  225  193  160  133  116  109  107  104  101   96   90   83
   75   67   62   62   66   73   78   79   77   72   68   66   65   64   63   62
   62   61   59   56   55   59   66   76   87
    20.0-180.0 180.0   5.0 450.0                            LAT/LON1/LON2/DLON/H
   93  103  112  119  122  125  131  142  158  174  185  190  194  198  204  210
  215  220  223  219  210  197  190  194  210  234  262  292  320  344  357  353
  335  309  282  255  225  193  161  137  122  115  111  108  104   99   95   89
   82   75   70   71   75   82   88   89   85   79   73   69   66   64   62   61
   62   63   63   61   61   64   72   82   93
    17.5-180.0 180.0   5.0 450.0                            LAT/LON1/LON2/DLON/H
  102  113  123  131  136  139  145  156  172  189  201  208  213  219  227  235
  244  250  253  248  236  221  213  220  240  269  298  325  348  365  370  361
  339  310  280  250  220  189  161  140  128  121  116  111  107  104  102   99
   94   88   85   85   89   95  100  100   95   87   79   73   69   65   62   61
   62   64   65   65   67   71   80   90  102
    15.0-180.0 180.0   5.0 450.0                            LAT/LON1/LON2/DLON/H
  112  123  134  144  151  156  161  172  188  205  218  226  233  242  254  266
  278  288  292  288  276  261  252  258  278  305  330  349  363  370  369  356
  332  303  273  243  215  187  164  147  137  129  122  116  111  111  112  112
  110  106  103  103  105  109  112  110  104   95   85   77   71   66   62   60
   60   63   66   68   72   78   89  100  112
    12.5-180.0 180.0   5.0 450.0                            LAT/LON1/LON2/DLON/H
  121  132  144  156  165  172  179  189  205  221  234  244  254  266  282  299
  315  328  337  338  328  314  305  307  321  340  355  363  365  364  357  343
  321  295  267  239  213  190  172  159  150  141  131  122  118  120  124  128
  129  126  123  121  121  122  122  118  110   99   88   79   73   67   62   59
   59   61   64   68   74   84   97  109  121
    10.0-180.0 180.0   5.0 450.0                            LAT/LON1/LON2/DLON/H
  129  139  152  165  178  187  196  207  221  237  250  260  272  288  307  328
  348  367  381  389  386  375  364  361  364  370  372  368  361  352  342  329
  311  289  266  242  220  201  188  178  169  157  143  132  127  131  138  144
  147  145  141  137  133  130  127  121  111   99   87   78   71   66   61   58
   57   58   61   65   74   86  102  117  129
     7.5-180.0 180.0   5.0 450.0                            LAT/LON1/LON2/DLON/H
  134  144  157  172  188  201  211  223  237  251  264  275  287  304  326  349
  373  396  417  433  438  432  421  409  401  393  382  369  354  342  331  320
  307  290  271  252  234  220  210  202  192  176  158  143  138  142  151  158
  160  157  152  145  139  133  126  118  107   94   82   73   67   63   59   57
   55   55   57   61   71   86  105  121  134
     5.0-180.0 180.0   5.0 450.0                            LAT/LON1/LON2/DLON/H
  136  147  161  178  196  212  225  238  252  265  277  287  298  315  336  359
  384  410  437  461  474  475  463  444  425  405  386  367  351  338  329  321
  311  298  282  267  253  243  236  228  214  194  172  154  148  152  160  166
  166  162  155  146  137  129  121  111   99   86   73   64   60   58   57   56
   54   53   53   57   67   84  105  123  136
     2.5-180.0 180.0   5.0 450.0                            LAT/LON1/LON2/DLON/H
  137  149  164  182  202  221  236  250  265  278  289  297  306  319  337  358
  381  408  438  467  488  493  483  460  433  407  385  367  354  345  337  329
  320  308  294  281  270  263  258  249  232  208  182  163  155  157  163  166
  164  158  149  139  129  120  111  101   89   75   63   55   52   53   54   55
   54   52   51   54   64   81  103  122  137
