path_delay/I2017-03-16
     1.0            IONOSPHERE MAPS     GNSS                IONEX VERSION / TYPE
ADDNEQ2 V5.3        AIUB                20-MAR-17 23:39     PGM / RUN BY / DATE 
CODE'S GLOBAL IONOSPHERE MAPS FOR DAY 075, 2017             COMMENT             
Global ionosphere maps (GIM) are generated on a daily basis DESCRIPTION         
at CODE using data from about 300 GNSS sites of the IGS and DESCRIPTION         
other institutions. The vertical total electron content     DESCRIPTION         
(VTEC) is modeled in a solar-geomagnetic reference frame    DESCRIPTION         
using a spherical harmonics expansion up to degree and      DESCRIPTION         
order 15. Piece-wise linear functions are used for          DESCRIPTION         
representation in the time domain. The time spacing of      DESCRIPTION         
their vertices is 1 hour, conforming with the epochs of the DESCRIPTION         
VTEC maps.                                                  DESCRIPTION         
To convert line-of-sight TEC into vertical TEC, a modified  DESCRIPTION         
single-layer model mapping function approximating the JPL   DESCRIPTION         
extended slab model mapping function is adopted. The        DESCRIPTION         
mapping function is evaluated at geodetic satellite         DESCRIPTION         
elevation angles. For the computation of the ionospheric    DESCRIPTION         
pierce points, a spherical layer with a radius of 6821 km   DESCRIPTION         
is assumed, implying geocentric, not geodetic IONEX         DESCRIPTION         
latitudes.                                                  DESCRIPTION         
Instrumental biases with respect to each involved GNSS code DESCRIPTION         
observable are estimated as constant values for each        DESCRIPTION         
day. They are modeled with one set of bias parameters for   DESCRIPTION         
each satellite and each station in case of GPS and for each DESCRIPTION         
satellite-station link in case of GLONASS. The code bias    DESCRIPTION         
datum is defined by zero-mean conditions imposed on the     DESCRIPTION         
satellite bias estimates. In this file, just GPS C1W-C2W    DESCRIPTION         
satellite and station bias values are included. The         DESCRIPTION         
complete set of GNSS code bias results is provided in an    DESCRIPTION         
additional Bias-SINEX file as pseudo-absolute values        DESCRIPTION         
specific to each observable.                                DESCRIPTION         
Note: These GIM results correspond to the results for the   DESCRIPTION         
middle day of a 3-day combination analysis solving for 73   DESCRIPTION         
times 256, or 18688 VTEC parameters and 3 daily sets of     DESCRIPTION         
GNSS code bias parameters.                                  DESCRIPTION         
Contact address: code(at)aiub.unibe.ch                      DESCRIPTION         
Data archive:    ftp.unibe.ch/aiub/CODE/                    DESCRIPTION         
                 www.aiub.unibe.ch/download/CODE/           DESCRIPTION         
  2017     3    16     0     0     0                        EPOCH OF FIRST MAP  
  2017     3    17     0     0     0                        EPOCH OF LAST MAP   
  3600                                                      INTERVAL            
[...]
fair faiv flin flrs frdn ftna func ganp glps glsv gmsd gode COMMENT             
godz gol2 gold gope gras graz guam guat guug harb hers hert COMMENT             
hlfx hnlc hnpt hob2 hofn holb hrao hyde iddr ieng ineg invk COMMENT             
iqal irkj isba ispa jog2 joz2 joze karr kat1 kely kerg khar COMMENT             
kir0 kiri kiru kit3 kokb kokv kouc koug kour krgg lama laut COMMENT             
lhaz lmmf lpal lpgs m0se mac1 madr mag0 maju mal2 mana mas1 COMMENT             
mat1 mate maui maw1 mbar mcm4 mdvj medi mets mgue mizu mkea COMMENT             
mnls mobj mobk mobs monp morp mqzg mro1 mtka nain nano naur COMMENT             
nico nist nium nklg nlib nnor not1 novm nrc1 nrmd nya1 nyal COMMENT             
ohi2 ohi3 onsa opmt ous2 pado palv parc park pbri pdel penc COMMENT             
pert pfa2 pie1 pimo pol2 polv pots pove prds ptag ptbb qaq1 COMMENT             
quin rabt ramo recf reso reun reyk rgdg rio2 riop roth salu COMMENT             
samo sant savo sch2 scor scrz sctb scub seyg sfer sofi spt0 COMMENT             
sthl stjo stk2 str2 suth sutm sutv suwn sydn syog tabl tabv COMMENT             
tash thtg thti thu2 thu3 tid1 tidb tixg tixi tlse tn22 tnml COMMENT             
tong tow2 tro1 tsea tskb tuva twtf txes uclu ufpr ulab unbj COMMENT             
unsa urum urus usn7 usud vaco vald vill voim vtsp wab1 wab2 COMMENT             
wgtn whit will wind wsrt wtza wtzr wtzs wtzz xmis yakt yar2 COMMENT             
yar3 yarr ycba yell ykro yssk zamb zeck zim2 zim3 zimj zimm COMMENT             
                                                            END OF HEADER       
[from data line 1287]
     4                                                      START OF TEC MAP    
  2017     3    16     3     0     0                        EPOCH OF CURRENT MAP
    87.5-180.0 180.0   5.0 450.0                            LAT/LON1/LON2/DLON/H
   68   69   69   69   69   70   70   70   70   70   70   70   69   69   69   69
   68   68   67   67   66   66   65   65   64   64   63   62   62   61   61   61
   60   60   60   59   59   59   59   59   59   59   59   59   59   59   59   59
   60   60   60   60   61   61   61   62   62   62   63   63   64   64   64   65
   65   66   66   66   67   67   68   68   68
    85.0-180.0 180.0   5.0 450.0                            LAT/LON1/LON2/DLON/H
   68   69   70   70   71   71   71   71   72   72   71   71   71   70   70   69
   68   67   66   65   64   63   62   60   59   58   57   56   55   54   54   53
   52   52   51   51   51   51   51   51   51   51   51   52   52   52   53   53
   54   54   55   55   56   57   57   58   58   59   60   60   61   61   62   62
   63   64   64   65   66   66   67   68   68
    82.5-180.0 180.0   5.0 450.0                            LAT/LON1/LON2/DLON/H
   66   67   68   69   69   70   70   70   70   70   70   69   68   67   66   65
   64   63   61   60   58   56   55   53   52   50   48   47   46   45   44   44
   43   43   43   43   43   43   43   43   44   44   44   45   46   46   47   48
   49   50   51   52   53   54   54   55   56   57   57   58   58   59   60   60
   61   61   62   63   63   64   65   66   66
    80.0-180.0 180.0   5.0 450.0                            LAT/LON1/LON2/DLON/H
   65   65   66   67   67   68   67   67   67   66   65   63   62   61   59   58
   56   55   53   52   50   48   46   44   43   41   39   38   37   36   35   35
   35   35   35   35   36   36   37   37   37   38   39   40   41   42   43   44
   46   47   49   50   51   53   54   55   56   57   57   58   58   59   59   59
   60   60   61   61   62   62   63   64   65
    77.5-180.0 180.0   5.0 450.0                            LAT/LON1/LON2/DLON/H
   64   65   66   66   66   66   65   64   62   60   58   56   53   51   49   48
   46   45   44   43   42   40   39   37   35   33   31   30   29   29   28   29
   29   30   30   31   31   32   32   33   33   33   34   35   36   38   40   42
   44   46   48   50   52   54   55   57   58   59   59   60   60   61   61   61
   61   62   62   62   63   63   63   64   64
    75.0-180.0 180.0   5.0 450.0                            LAT/LON1/LON2/DLON/H
   67   67   67   67   67   66   64   62   59   55   51   47   44   40   38   36
   36   35   36   36   35   35   34   32   30   28   27   25   25   25   25   26
   27   28   29   29   30   30   30   29   29   30   30   31   33   35   37   40
   43   46   49   52   54   56   58   60   61   62   62   63   64   64   65   65
   65   66   66   66   66   66   67   67   67
    72.5-180.0 180.0   5.0 450.0                            LAT/LON1/LON2/DLON/H
   72   72   71   71   70   68   66   62   58   52   46   40   35   31   27   26
   26   27   29   31   32   32   32   31   29   27   26   25   24   25   26   27
   28   29   30   30   29   28   27   26   26   25   26   27   29   32   35   39
   43   47   51   54   57   59   61   62   63   64   65   66   67   67   68   69
   70   71   72   72   72   72   72   72   72
    70.0-180.0 180.0   5.0 450.0                            LAT/LON1/LON2/DLON/H
   78   77   76   75   74   72   69   65   59   52   44   37   29   23   20   18
   19   22   25   29   32   33   34   33   31   29   28   27   27   28   29   30
   31   31   31   30   28   26   24   22   21   20   21   22   25   28   33   38
   43   48   53   56   59   62   63   64   65   65   66   67   68   69   71   73
   74   76   78   79   79   79   79   79   78
    67.5-180.0 180.0   5.0 450.0                            LAT/LON1/LON2/DLON/H
   84   83   81   80   78   76   73   69   63   55   46   36   27   20   16   14
   16   19   25   30   34   36   37   36   34   32   31   30   31   32   33   34
   34   33   32   29   26   23   20   17   15   15   15   17   20   25   30   36
   43   49   54   58   61   63   64   65   65   65   65   66   67   69   71   74
   77   80   82   84   85   86   86   85   84
    65.0-180.0 180.0   5.0 450.0                            LAT/LON1/LON2/DLON/H
   89   87   85   83   82   80   77   73   67   59   50   40   30   21   16   14
   15   20   25   31   36   38   39   38   36   34   33   33   34   35   36   36
   35   33   30   26   22   18   14   12   10   10   11   13   17   22   28   35
   42   49   55   59   62   64   64   64   64   64   64   65   66   68   71   74
   78   81   85   88   90   91   91   90   89
    62.5-180.0 180.0   5.0 450.0                            LAT/LON1/LON2/DLON/H
   93   91   88   86   83   81   79   75   71   64   55   45   35   25   19   16
   17   21   27   32   36   38   39   37   36   34   34   35   36   37   37   36
   34   30   26   21   17   13   10    8    7    7    8   11   15   20   27   35
   42   50   56   60   63   65   65   65   64   64   64   65   66   68   71   74
   78   82   86   90   92   94   95   94   93
    60.0-180.0 180.0   5.0 450.0                            LAT/LON1/LON2/DLON/H
   96   94   91   87   84   81   79   76   72   67   60   51   41   32   24   21
   20   23   27   32   34   35   35   33   32   32   33   34   36   37   36   34
   31   26   21   17   12    9    8    7    7    8   10   13   16   21   28   35
   43   51   57   62   65   67   68   67   67   67   67   68   69   71   73   76
   79   83   87   91   94   96   98   98   96
    57.5-180.0 180.0   5.0 450.0                            LAT/LON1/LON2/DLON/H
  101   99   95   91   86   81   78   75   72   69   63   56   47   38   30   26
   24   25   27   29   30   30   29   28   27   29   31   33   35   36   35   32
   28   23   18   14   11   10   10   11   13   15   16   18   21   24   30   37
   45   53   60   65   69   71   73   73   74   74   75   76   77   79   80   82
   84   86   89   93   96   99  101  101  101
    55.0-180.0 180.0   5.0 450.0                            LAT/LON1/LON2/DLON/H
  107  106  102   97   91   84   79   74   72   69   65   59   51   43   36   30
   27   26   26   27   26   24   23   22   23   26   29   32   34   35   33   30
   25   21   17   15   14   14   17   19   22   25   26   27   28   30   35   41
   49   57   64   70   75   78   81   83   85   86   88   89   90   91   91   92
   92   93   94   97   99  102  105  107  107
    52.5-180.0 180.0   5.0 450.0                            LAT/LON1/LON2/DLON/H
  115  115  113  107   99   91   82   76   71   68   65   60   54   47   39   34
   30   28   26   25   23   21   20   20   22   26   30   33   35   34   32   29
   25   22   21   20   21   23   27   31   35   37   38   37   36   37   40   47
   54   63   70   77   82   87   91   95   98  101  103  105  106  107  106  105
  103  102  102  103  105  107  110  113  115
    50.0-180.0 180.0   5.0 450.0                            LAT/LON1/LON2/DLON/H
  124  126  125  120  112  101   90   81   74   69   65   61   55   48   42   37
   33   30   28   27   24   23   22   23   25   29   33   36   37   36   33   31
   28   27   27   29   31   34   38   43   47   50   50   48   46   45   47   53
   61   70   77   84   91   97  102  108  112  116  119  121  122  122  121  119
  116  114  112  111  112  113  116  120  124
    47.5-180.0 180.0   5.0 450.0                            LAT/LON1/LON2/DLON/H
  131  135  136  133  125  113  101   89   80   73   67   61   56   49   44   40
   37   35   34   32   31   29   29   31   33   37   40   41   40   38   36   34
   34   35   37   39   42   45   48   53   57   60   60   57   54   52   55   61
   69   77   85   92   99  106  113  119  124  128  131  134  135  135  134  132
  128  125  122  120  119  120  123  127  131
    45.0-180.0 180.0   5.0 450.0                            LAT/LON1/LON2/DLON/H
  136  140  143  141  135  125  112  100   89   80   72   64   57   51   47   44
   42   42   42   42   41   41   42   43   45   47   47   47   44   42   40   39
   41   43   47   49   51   53   55   59   63   66   66   64   60   59   62   68
   77   85   92   99  106  114  122  128  133  136  138  141  143  143  143  141
  138  134  131  128  127  126  128  131  136
    42.5-180.0 180.0   5.0 450.0                            LAT/LON1/LON2/DLON/H
  136  140  143  144  140  133  122  111  100   90   80   70   62   55   51   49
   49   50   52   54   55   56   56   57   57   57   55   52   49   45   44   45
   47   51   55   57   57   57   57   60   64   68   69   68   65   65   68   76
   84   92   98  105  112  120  127  133  137  138  140  142  145  147  148  147
  145  143  140  137  135  133  132  133  136
    40.0-180.0 180.0   5.0 450.0                            LAT/LON1/LON2/DLON/H
  134  136  138  139  138  134  128  120  111  101   90   79   69   61   57   55
   57   59   62   65   68   69   70   69   68   65   62   57   52   49   48   49
   53   57   60   61   60   57   56   57   62   67   70   70   69   69   74   82
   91   98  103  108  115  123  130  135  137  137  138  140  144  148  151  152
  153  152  150  147  144  141  137  135  134
    37.5-180.0 180.0   5.0 450.0                            LAT/LON1/LON2/DLON/H
  134  131  130  130  131  130  128  125  119  111  101   89   78   70   65   63
   64   67   71   75   78   80   80   78   75   71   66   60   56   52   52   53
   57   61   63   63   60   56   53   54   59   66   70   72   71   73   78   87
   96  101  105  109  116  124  131  135  135  134  135  139  144  150  156  161
  163  164  163  161  158  153  147  140  134
    35.0-180.0 180.0   5.0 450.0                            LAT/LON1/LON2/DLON/H
  140  130  124  122  121  122  124  124  123  119  110   99   88   79   74   71
   71   74   77   81   84   86   85   82   78   73   68   63   59   56   55   56
   59   62   64   63   59   54   51   52   58   65   71   73   73   75   81   90
   98  103  105  109  116  125  132  135  134  133  135  141  149  159  168  176
  181  183  183  182  178  172  163  151  140
    32.5-180.0 180.0   5.0 450.0                            LAT/LON1/LON2/DLON/H
  155  139  127  120  116  116  118  121  123  122  117  108   98   89   82   79
   77   77   79   82   84   86   85   82   78   74   70   66   62   59   58   59
   61   63   64   63   60   55   52   53   58   66   71   73   73   75   82   91
   98  102  104  107  115  125  133  136  136  136  141  150  163  176  189  200
  207  211  212  210  207  200  189  173  155
    30.0-180.0 180.0   5.0 450.0                            LAT/LON1/LON2/DLON/H
  183  162  144  130  121  116  115  117  120  121  119  113  105   97   90   85
   81   78   78   79   81   83   82   80   76   73   71   68   66   63   61   61
   62   63   64   65   63   60   57   57   61   68   72   73   72   74   80   89
   96   99  101  106  116  127  136  140  141  145  154  168  185  203  219  233
  242  247  248  246  243  236  224  205  183
    27.5-180.0 180.0   5.0 450.0                            LAT/LON1/LON2/DLON/H
  221  196  174  155  139  127  119  116  117  118  118  115  110  103   96   89
   83   78   75   75   77   78   79   77   74   72   72   71   69   66   63   62
   62   64   67   68   68   66   64   63   65   69   71   70   68   70   77   86
   93   97   99  106  118  132  142  147  151  159  174  193  214  236  255  271
  282  287  288  286  284  278  265  246  221
    25.0-180.0 180.0   5.0 450.0                            LAT/LON1/LON2/DLON/H
  265  240  216  194  171  150  133  121  116  115  115  114  111  106   99   91
   83   77   73   71   73   75   76   75   73   72   73   73   71   67   64   62
   63   66   70   74   75   74   71   69   68   68   68   64   62   64   71   81
   89   94   99  108  122  138  150  157  165  178  198  222  246  270  291  309
  321  327  327  326  324  320  309  290  265
    22.5-180.0 180.0   5.0 450.0                            LAT/LON1/LON2/DLON/H
  308  285  264  241  214  185  157  135  121  115  113  112  110  106   99   92
   83   76   71   69   71   73   75   74   73   72   73   73   71   67   63   62
   64   69   75   80   82   81   77   72   68   65   61   56   53   56   65   77
   86   93   99  111  128  146  159  170  181  199  223  250  276  300  322  340
  353  358  359  358  358  356  347  330  308
    20.0-180.0 180.0   5.0 450.0                            LAT/LON1/LON2/DLON/H
  342  325  308  288  260  225  188  156  133  119  113  111  109  105   99   91
   84   77   72   70   71   73   75   75   72   71   71   71   68   64   61   61
   66   72   79   85   87   84   78   71   64   58   51   46   43   48   59   73
   84   93  102  117  135  154  170  183  198  220  246  274  299  321  341  359
  372  377  378  379  381  381  375  361  342
    17.5-180.0 180.0   5.0 450.0                            LAT/LON1/LON2/DLON/H
  364  352  343  328  303  266  223  183  151  130  119  113  109  104   98   91
   85   79   74   72   72   75   77   75   72   69   68   67   65   61   59   61
   67   75   83   88   89   85   76   66   57   49   41   35   34   41   55   71
   84   95  107  123  143  163  180  195  214  238  266  292  313  331  347  363
  375  381  383  386  390  393  389  377  364
    15.0-180.0 180.0   5.0 450.0                            LAT/LON1/LON2/DLON/H
  371  365  363  356  336  302  258  213  176  148  131  120  112  105   98   91
   86   82   77   74   74   76   77   75   70   66   64   63   62   60   59   62
   70   79   86   90   88   81   71   60   50   41   32   27   27   36   52   70
   86   98  112  129  150  171  189  207  228  254  281  303  319  331  343  355
  365  371  374  379  386  391  389  381  371
    12.5-180.0 180.0   5.0 450.0                            LAT/LON1/LON2/DLON/H
  367  366  371  371  358  329  288  244  204  173  150  133  120  109  100   94
   89   85   81   77   76   77   77   75   69   64   62   63   64   63   63   66
   73   82   88   89   85   77   65   54   44   35   27   23   24   35   52   72
   88  102  116  134  156  177  196  216  239  266  290  308  318  324  331  339
  347  353  357  364  373  381  381  374  367
    10.0-180.0 180.0   5.0 450.0                            LAT/LON1/LON2/DLON/H
  359  361  369  375  368  346  312  273  235  201  174  152  134  118  106   99
   94   90   84   79   76   76   77   75   70   66   65   68   71   72   72   74
   79   85   89   88   82   72   60   50   42   34   27   23   25   36   54   73
   90  104  119  137  158  180  200  222  247  273  296  310  315  316  318  323
  328  333  337  346  357  367  369  364  359
     7.5-180.0 180.0   5.0 450.0                            LAT/LON1/LON2/DLON/H
  354  357  366  374  372  356  330  298  264  232  202  175  152  132  117  107
  100   95   88   81   77   77   79   78   75   73   75   81   87   88   87   85
   86   89   90   87   79   68   57   49   43   37   31   27   29   39   56   75
   91  105  120  138  158  179  201  225  251  277  298  309  312  311  311  312
  315  318  323  332  345  356  360  358  354
     5.0-180.0 180.0   5.0 450.0                            LAT/LON1/LON2/DLON/H
  358  361  368  375  374  362  343  319  291  262  231  201  174  150  131  118
  110  102   94   86   81   82   85   86   86   87   92  101  108  109  104   98
   94   92   91   86   77   66   56   50   47   43   38   33   34   43   59   76
   91  104  118  135  154  176  199  223  250  275  296  308  311  311  310  311
  312  314  317  326  339  353  359  359  358
     2.5-180.0 180.0   5.0 450.0                            LAT/LON1/LON2/DLON/H
  371  373  378  381  378  368  353  335  314  288  258  227  197  170  149  133
  122  112  103   95   91   92   97  101  103  107  115  125  132  131  122  110
  100   95   91   85   76   65   57   52   51   50   45   40   39   46   60   75
   88  100  113  129  148  169  192  217  244  269  290  304  312  315  317  318
  319  320  322  330  342  356  366  370  371
